0.000000 0.000000 0.000000 
0.010000 -0.000000 0.000000 
0.020000 -0.000000 0.000000 
0.030000 -0.000000 0.000000 
0.040000 -0.000000 0.000001 
0.050000 -0.000001 0.000002 
0.060000 -0.000001 0.000005 
0.070000 -0.000002 0.000009 
0.080000 -0.000003 0.000016 
0.090000 -0.000005 0.000025 
0.100000 -0.000007 0.000038 
0.110000 -0.000011 0.000055 
0.120000 -0.000015 0.000077 
0.130000 -0.000020 0.000105 
0.140000 -0.000026 0.000140 
0.150000 -0.000033 0.000183 
0.160000 -0.000041 0.000235 
0.170000 -0.000051 0.000298 
0.180000 -0.000063 0.000371 
0.190000 -0.000075 0.000457 
0.200000 -0.000090 0.000557 
0.210000 -0.000106 0.000671 
0.220000 -0.000123 0.000802 
0.230000 -0.000143 0.000950 
0.240000 -0.000164 0.001118 
0.250000 -0.000186 0.001305 
0.260000 -0.000210 0.001515 
0.270000 -0.000236 0.001747 
0.280000 -0.000263 0.002005 
0.290000 -0.000292 0.002288 
0.300000 -0.000322 0.002599 
0.310000 -0.000352 0.002939 
0.320000 -0.000384 0.003310 
0.330000 -0.000417 0.003713 
0.340000 -0.000449 0.004149 
0.350000 -0.000483 0.004621 
0.360000 -0.000516 0.005129 
0.370000 -0.000549 0.005676 
0.380000 -0.000581 0.006263 
0.390000 -0.000612 0.006891 
0.400000 -0.000642 0.007562 
0.410000 -0.000670 0.008278 
0.420000 -0.000696 0.009039 
0.430000 -0.000719 0.009848 
0.440000 -0.000739 0.010706 
0.450000 -0.000755 0.011615 
0.460000 -0.000767 0.012576 
0.470000 -0.000775 0.013590 
0.480000 -0.000776 0.014659 
0.490000 -0.000772 0.015784 
0.500000 -0.000761 0.016968 
0.510000 -0.000743 0.018210 
0.520000 -0.000717 0.019513 
0.530000 -0.000682 0.020879 
0.540000 -0.000637 0.022307 
0.550000 -0.000582 0.023800 
0.560000 -0.000515 0.025359 
0.570000 -0.000437 0.026985 
0.580000 -0.000345 0.028680 
0.590000 -0.000240 0.030445 
0.600000 -0.000120 0.032280 
0.610000 0.000016 0.034187 
0.620000 0.000168 0.036168 
0.630000 0.000338 0.038222 
0.640000 0.000527 0.040352 
0.650000 0.000735 0.042559 
0.660000 0.000965 0.044843 
0.670000 0.001216 0.047205 
0.680000 0.001490 0.049646 
0.690000 0.001788 0.052168 
0.700000 0.002111 0.054770 
0.710000 0.002461 0.057455 
0.720000 0.002839 0.060222 
0.730000 0.003245 0.063073 
0.740000 0.003681 0.066008 
0.750000 0.004148 0.069028 
0.760000 0.004647 0.072134 
0.770000 0.005180 0.075326 
0.780000 0.005748 0.078605 
0.790000 0.006353 0.081971 
0.800000 0.006994 0.085425 
0.810000 0.007675 0.088967 
0.820000 0.008395 0.092598 
0.830000 0.009157 0.096318 
0.840000 0.009961 0.100128 
0.850000 0.010810 0.104028 
0.860000 0.011703 0.108018 
0.870000 0.012644 0.112099 
0.880000 0.013632 0.116270 
0.890000 0.014670 0.120532 
0.900000 0.015758 0.124885 
0.910000 0.016898 0.129330 
0.920000 0.018092 0.133865 
0.930000 0.019340 0.138492 
0.940000 0.020644 0.143210 
0.950000 0.022005 0.148019 
0.960000 0.023425 0.152920 
0.970000 0.024905 0.157911 
0.980000 0.026446 0.162994 
0.990000 0.028050 0.168167 
1.000000 0.029717 0.173430 
1.010000 0.031450 0.178784 
1.020000 0.033249 0.184228 
1.030000 0.035116 0.189762 
1.040000 0.037051 0.195385 
1.050000 0.039057 0.201097 
1.060000 0.041134 0.206898 
1.070000 0.043284 0.212787 
1.080000 0.045508 0.218764 
1.090000 0.047806 0.224827 
1.100000 0.050181 0.230978 
1.110000 0.052632 0.237215 
1.120000 0.055163 0.243537 
1.130000 0.057772 0.249944 
1.140000 0.060462 0.256436 
1.150000 0.063234 0.263011 
1.160000 0.066089 0.269669 
1.170000 0.069027 0.276410 
1.180000 0.072049 0.283232 
1.190000 0.075158 0.290135 
1.200000 0.078352 0.297117 
1.210000 0.081635 0.304179 
1.220000 0.085005 0.311320 
1.230000 0.088465 0.318538 
1.240000 0.092015 0.325832 
1.250000 0.095655 0.333202 
1.260000 0.099387 0.340648 
1.270000 0.103211 0.348167 
1.280000 0.107128 0.355759 
1.290000 0.111139 0.363423 
1.300000 0.115244 0.371158 
1.310000 0.119444 0.378964 
1.320000 0.123740 0.386838 
1.330000 0.128131 0.394781 
1.340000 0.132618 0.402790 
1.350000 0.137203 0.410866 
1.360000 0.141885 0.419006 
1.370000 0.146664 0.427211 
1.380000 0.151542 0.435478 
1.390000 0.156518 0.443807 
1.400000 0.161592 0.452196 
1.410000 0.166765 0.460645 
1.420000 0.172037 0.469153 
1.430000 0.177409 0.477718 
1.440000 0.182879 0.486339 
1.450000 0.188449 0.495015 
1.460000 0.194118 0.503746 
1.470000 0.199886 0.512529 
1.480000 0.205754 0.521364 
1.490000 0.211720 0.530250 
1.500000 0.217786 0.539185 
1.510000 0.223950 0.548168 
1.520000 0.230213 0.557199 
1.530000 0.236574 0.566276 
1.540000 0.243032 0.575398 
1.550000 0.249589 0.584563 
1.560000 0.256242 0.593772 
1.570000 0.262992 0.603022 
1.580000 0.269838 0.612313 
1.590000 0.276780 0.621643 
1.600000 0.283817 0.631011 
1.610000 0.290948 0.640417 
1.620000 0.298172 0.649859 
1.630000 0.305490 0.659336 
1.640000 0.312899 0.668847 
1.650000 0.320400 0.678392 
1.660000 0.327992 0.687968 
1.670000 0.335672 0.697575 
1.680000 0.343442 0.707212 
1.690000 0.351299 0.716878 
1.700000 0.359242 0.726571 
1.710000 0.367271 0.736292 
1.720000 0.375384 0.746039 
1.730000 0.383581 0.755810 
1.740000 0.391859 0.765606 
1.750000 0.400218 0.775424 
1.760000 0.408656 0.785265 
1.770000 0.417172 0.795127 
1.780000 0.425764 0.805009 
1.790000 0.434432 0.814911 
1.800000 0.443174 0.824832 
1.810000 0.451987 0.834770 
1.820000 0.460872 0.844725 
1.830000 0.469825 0.854696 
1.840000 0.478845 0.864683 
1.850000 0.487932 0.874684 
1.860000 0.497082 0.884699 
1.870000 0.506295 0.894727 
1.880000 0.515568 0.904767 
1.890000 0.524900 0.914819 
1.900000 0.534289 0.924881 
1.910000 0.543732 0.934954 
1.920000 0.553229 0.945036 
1.930000 0.562777 0.955128 
1.940000 0.572374 0.965227 
1.950000 0.582017 0.975334 
1.960000 0.591706 0.985448 
1.970000 0.601439 0.995569 
1.980000 0.611211 1.005695 
1.990000 0.621023 1.015827 
2.000000 0.630871 1.025964 
2.010000 0.640754 1.036105 
2.020000 0.650669 1.046250 
2.030000 0.660614 1.056398 
2.040000 0.670586 1.066550 
2.050000 0.680584 1.076703 
2.060000 0.690605 1.086859 
2.070000 0.700647 1.097017 
2.080000 0.710708 1.107175 
2.090000 0.720784 1.117335 
2.100000 0.730874 1.127495 
2.110000 0.740976 1.137655 
2.120000 0.751087 1.147815 
2.130000 0.761204 1.157975 
2.140000 0.771325 1.168134 
2.150000 0.781447 1.178292 
2.160000 0.791569 1.188449 
2.170000 0.801688 1.198604 
2.180000 0.811800 1.208758 
2.190000 0.821904 1.218909 
2.200000 0.831998 1.229059 
2.210000 0.842077 1.239206 
2.220000 0.852141 1.249350 
2.230000 0.862187 1.259492 
2.240000 0.872211 1.269631 
2.250000 0.882212 1.279767 
2.260000 0.892187 1.289900 
2.270000 0.902133 1.300030 
2.280000 0.912048 1.310157 
2.290000 0.921930 1.320280 
2.300000 0.931775 1.330399 
2.310000 0.941581 1.340516 
2.320000 0.951345 1.350628 
2.330000 0.961066 1.360737 
2.340000 0.970740 1.370842 
2.350000 0.980365 1.380944 
2.360000 0.989939 1.391042 
2.370000 0.999458 1.401136 
2.380000 1.008921 1.411227 
2.390000 1.018324 1.421313 
2.400000 1.027666 1.431397 
2.410000 1.036944 1.441476 
2.420000 1.046154 1.451552 
2.430000 1.055296 1.461625 
2.440000 1.064366 1.471693 
2.450000 1.073362 1.481759 
2.460000 1.082282 1.491821 
2.470000 1.091122 1.501880 
2.480000 1.099882 1.511935 
2.490000 1.108557 1.521988 
2.500000 1.117146 1.532037 
2.510000 1.125647 1.542083 
2.520000 1.134056 1.552126 
2.530000 1.142373 1.562167 
2.540000 1.150594 1.572204 
2.550000 1.158717 1.582239 
2.560000 1.166740 1.592272 
2.570000 1.174660 1.602302 
2.580000 1.182476 1.612330 
2.590000 1.190185 1.622355 
2.600000 1.197785 1.632378 
2.610000 1.205274 1.642400 
2.620000 1.212650 1.652419 
2.630000 1.219910 1.662437 
2.640000 1.227052 1.672453 
2.650000 1.234075 1.682467 
2.660000 1.240976 1.692479 
2.670000 1.247753 1.702491 
2.680000 1.254405 1.712501 
2.690000 1.260929 1.722510 
2.700000 1.267323 1.732517 
2.710000 1.273586 1.742524 
2.720000 1.279716 1.752530 
2.730000 1.285710 1.762535 
2.740000 1.291567 1.772539 
2.750000 1.297285 1.782543 
2.760000 1.302863 1.792546 
2.770000 1.308299 1.802548 
2.780000 1.313590 1.812550 
2.790000 1.318736 1.822552 
2.800000 1.323735 1.832554 
2.810000 1.328584 1.842555 
2.820000 1.333284 1.852557 
2.830000 1.337831 1.862558 
2.840000 1.342226 1.872559 
2.850000 1.346465 1.882560 
2.860000 1.350548 1.892562 
2.870000 1.354474 1.902563 
2.880000 1.358241 1.912565 
2.890000 1.361848 1.922567 
2.900000 1.365293 1.932570 
2.910000 1.368576 1.942572 
2.920000 1.371695 1.952575 
2.930000 1.374649 1.962578 
2.940000 1.377438 1.972582 
2.950000 1.380059 1.982586 
2.960000 1.382513 1.992591 
2.970000 1.384797 2.002596 
2.980000 1.386912 2.012601 
2.990000 1.388857 2.022607 
3.000000 1.390630 2.032614 
3.010000 1.392231 2.042620 
3.020000 1.393659 2.052628 
3.030000 1.394913 2.062636 
3.040000 1.395993 2.072644 
3.050000 1.396899 2.082652 
3.060000 1.397629 2.092662 
3.070000 1.398184 2.102671 
3.080000 1.398563 2.112681 
3.090000 1.398765 2.122692 
3.100000 1.398790 2.132702 
3.110000 1.398638 2.142713 
3.120000 1.398309 2.152725 
3.130000 1.397803 2.162737 
3.140000 1.397118 2.172749 
3.150000 1.396256 2.182761 
3.160000 1.395217 2.192774 
3.170000 1.394000 2.202787 
3.180000 1.392605 2.212800 
3.190000 1.391033 2.222814 
3.200000 1.389284 2.232828 
3.210000 1.387357 2.242841 
3.220000 1.385254 2.252855 
3.230000 1.382975 2.262870 
3.240000 1.380520 2.272884 
3.250000 1.377889 2.282898 
3.260000 1.375084 2.292913 
3.270000 1.372104 2.302927 
3.280000 1.368951 2.312942 
3.290000 1.365624 2.322956 
3.300000 1.362126 2.332971 
3.310000 1.358456 2.342985 
3.320000 1.354615 2.353000 
3.330000 1.350604 2.363014 
3.340000 1.346425 2.373029 
3.350000 1.342078 2.383043 
3.360000 1.337565 2.393057 
3.370000 1.332885 2.403072 
3.380000 1.328042 2.413086 
3.390000 1.323035 2.423100 
3.400000 1.317867 2.433114 
3.410000 1.312538 2.443128 
3.420000 1.307050 2.453142 
3.430000 1.301404 2.463155 
3.440000 1.295602 2.473169 
3.450000 1.289646 2.483182 
3.460000 1.283536 2.493196 
3.470000 1.277275 2.503209 
3.480000 1.270865 2.513222 
3.490000 1.264307 2.523235 
3.500000 1.257603 2.533248 
3.510000 1.250755 2.543261 
3.520000 1.243765 2.553273 
3.530000 1.236634 2.563286 
3.540000 1.229365 2.573299 
3.550000 1.221961 2.583311 
3.560000 1.214422 2.593323 
3.570000 1.206752 2.603336 
3.580000 1.198952 2.613348 
3.590000 1.191025 2.623360 
3.600000 1.182973 2.633372 
3.610000 1.174799 2.643384 
3.620000 1.166504 2.653396 
3.630000 1.158092 2.663408 
3.640000 1.149565 2.673420 
3.650000 1.140925 2.683432 
3.660000 1.132176 2.693444 
3.670000 1.123319 2.703456 
3.680000 1.114358 2.713468 
3.690000 1.105296 2.723479 
3.700000 1.096134 2.733491 
3.710000 1.086876 2.743503 
3.720000 1.077525 2.753515 
3.730000 1.068084 2.763527 
3.740000 1.058555 2.773539 
3.750000 1.048942 2.783550 
3.760000 1.039248 2.793562 
3.770000 1.029476 2.803574 
3.780000 1.019629 2.813586 
3.790000 1.009710 2.823598 
3.800000 0.999722 2.833610 
3.810000 0.989669 2.843621 
3.820000 0.979554 2.853633 
3.830000 0.969380 2.863645 
3.840000 0.959150 2.873657 
3.850000 0.948869 2.883669 
3.860000 0.938539 2.893681 
3.870000 0.928163 2.903693 
3.880000 0.917746 2.913704 
3.890000 0.907290 2.923716 
3.900000 0.896800 2.933728 
3.910000 0.886278 2.943740 
3.920000 0.875729 2.953752 
3.930000 0.865156 2.963763 
3.940000 0.854563 2.973775 
3.950000 0.843953 2.983787 
3.960000 0.833329 2.993799 
3.970000 0.822697 3.003810 
3.980000 0.812059 3.013822 
3.990000 0.801419 3.023833 
4.000000 0.790781 3.033845 
4.010000 0.780148 3.043856 
4.020000 0.769525 3.053867 
4.030000 0.758916 3.063879 
4.040000 0.748323 3.073890 
4.050000 0.737751 3.083901 
4.060000 0.727204 3.093912 
4.070000 0.716686 3.103923 
4.080000 0.706200 3.113934 
4.090000 0.695750 3.123944 
4.100000 0.685340 3.133955 
4.110000 0.674974 3.143966 
4.120000 0.664657 3.153976 
4.130000 0.654391 3.163987 
4.140000 0.644180 3.173997 
4.150000 0.634029 3.184007 
4.160000 0.623941 3.194017 
4.170000 0.613920 3.204027 
4.180000 0.603971 3.214037 
4.190000 0.594096 3.224047 
4.200000 0.584299 3.234057 
4.210000 0.574585 3.244066 
4.220000 0.564957 3.254076 
4.230000 0.555419 3.264086 
4.240000 0.545975 3.274095 
4.250000 0.536628 3.284104 
4.260000 0.527382 3.294114 
4.270000 0.518241 3.304123 
4.280000 0.509208 3.314132 
4.290000 0.500288 3.324141 
4.300000 0.491482 3.334150 
4.310000 0.482797 3.344159 
4.320000 0.474233 3.354168 
4.330000 0.465796 3.364177 
4.340000 0.457489 3.374185 
4.350000 0.449314 3.384194 
4.360000 0.441276 3.394203 
4.370000 0.433378 3.404211 
4.380000 0.425623 3.414220 
4.390000 0.418013 3.424229 
4.400000 0.410554 3.434237 
4.410000 0.403247 3.444246 
4.420000 0.396095 3.454255 
4.430000 0.389103 3.464263 
4.440000 0.382272 3.474272 
4.450000 0.375605 3.484280 
4.460000 0.369106 3.494289 
4.470000 0.362778 3.504297 
4.480000 0.356622 3.514306 
4.490000 0.350642 3.524315 
4.500000 0.344840 3.534323 
4.510000 0.339220 3.544332 
4.520000 0.333782 3.554341 
4.530000 0.328531 3.564350 
4.540000 0.323467 3.574358 
4.550000 0.318595 3.584367 
4.560000 0.313914 3.594376 
4.570000 0.309429 3.604385 
4.580000 0.305140 3.614394 
4.590000 0.301051 3.624403 
4.600000 0.297162 3.634412 
4.610000 0.293475 3.644421 
4.620000 0.289993 3.654430 
4.630000 0.286718 3.664440 
4.640000 0.283649 3.674449 
4.650000 0.280790 3.684458 
4.660000 0.278142 3.694467 
4.670000 0.275706 3.704477 
4.680000 0.273482 3.714486 
4.690000 0.271474 3.724496 
4.700000 0.269681 3.734505 
4.710000 0.268104 3.744515 
4.720000 0.266745 3.754525 
4.730000 0.265605 3.764534 
4.740000 0.264683 3.774544 
4.750000 0.263982 3.784554 
4.760000 0.263500 3.794563 
4.770000 0.263240 3.804573 
4.780000 0.263201 3.814583 
4.790000 0.263384 3.824593 
4.800000 0.263789 3.834603 
4.810000 0.264416 3.844613 
4.820000 0.265264 3.854623 
4.830000 0.266336 3.864632 
4.840000 0.267629 3.874642 
4.850000 0.269143 3.884652 
4.860000 0.270880 3.894662 
4.870000 0.272837 3.904672 
4.880000 0.275016 3.914682 
4.890000 0.277414 3.924692 
4.900000 0.280032 3.934702 
4.910000 0.282868 3.944712 
4.920000 0.285923 3.954722 
4.930000 0.289194 3.964731 
4.940000 0.292682 3.974741 
4.950000 0.296384 3.984751 
4.960000 0.300301 3.994761 
4.970000 0.304430 4.004770 
4.980000 0.308770 4.014780 
4.990000 0.313320 4.024790 
5.000000 0.318078 4.034799 
5.010000 0.323043 4.044809 
5.020000 0.328213 4.054818 
5.030000 0.333587 4.064827 
5.040000 0.339162 4.074837 
5.050000 0.344936 4.084846 
5.060000 0.350909 4.094855 
5.070000 0.357076 4.104865 
5.080000 0.363438 4.114874 
5.090000 0.369990 4.124883 
5.100000 0.376732 4.134892 
5.110000 0.383660 4.144901 
5.120000 0.390772 4.154910 
5.130000 0.398066 4.164918 
5.140000 0.405539 4.174927 
5.150000 0.413188 4.184936 
5.160000 0.421011 4.194945 
5.170000 0.429006 4.204953 
5.180000 0.437168 4.214962 
5.190000 0.445496 4.224970 
5.200000 0.453986 4.234979 
5.210000 0.462635 4.244987 
5.220000 0.471440 4.254995 
5.230000 0.480399 4.265004 
5.240000 0.489508 4.275012 
5.250000 0.498763 4.285020 
5.260000 0.508162 4.295028 
5.270000 0.517700 4.305037 
5.280000 0.527376 4.315045 
5.290000 0.537185 4.325053 
5.300000 0.547123 4.335061 
5.310000 0.557188 4.345069 
5.320000 0.567376 4.355077 
5.330000 0.577683 4.365085 
5.340000 0.588105 4.375093 
5.350000 0.598639 4.385101 
5.360000 0.609282 4.395109 
5.370000 0.620029 4.405117 
5.380000 0.630877 4.415125 
5.390000 0.641821 4.425133 
5.400000 0.652859 4.435141 
5.410000 0.663986 4.445150 
5.420000 0.675199 4.455158 
5.430000 0.686493 4.465166 
5.440000 0.697865 4.475174 
5.450000 0.709311 4.485182 
5.460000 0.720827 4.495191 
5.470000 0.732409 4.505199 
5.480000 0.744053 4.515207 
5.490000 0.755756 4.525216 
5.500000 0.767512 4.535224 
5.510000 0.779319 4.545233 
5.520000 0.791173 4.555242 
5.530000 0.803069 4.565250 
5.540000 0.815003 4.575259 
5.550000 0.826972 4.585268 
5.560000 0.838972 4.595277 
5.570000 0.850999 4.605286 
5.580000 0.863048 4.615295 
5.590000 0.875117 4.625304 
5.600000 0.887201 4.635313 
5.610000 0.899296 4.645323 
5.620000 0.911398 4.655332 
5.630000 0.923505 4.665342 
5.640000 0.935611 4.675351 
5.650000 0.947713 4.685361 
5.660000 0.959808 4.695371 
5.670000 0.971891 4.705380 
5.680000 0.983959 4.715390 
5.690000 0.996008 4.725400 
5.700000 1.008036 4.735411 
5.710000 1.020037 4.745421 
5.720000 1.032008 4.755431 
5.730000 1.043947 4.765441 
5.740000 1.055849 4.775452 
5.750000 1.067712 4.785462 
5.760000 1.079531 4.795473 
5.770000 1.091303 4.805483 
5.780000 1.103025 4.815494 
5.790000 1.114694 4.825505 
5.800000 1.126306 4.835516 
5.810000 1.137859 4.845527 
5.820000 1.149348 4.855538 
5.830000 1.160772 4.865549 
5.840000 1.172127 4.875560 
5.850000 1.183409 4.885571 
5.860000 1.194617 4.895582 
5.870000 1.205747 4.905593 
5.880000 1.216796 4.915604 
5.890000 1.227761 4.925616 
5.900000 1.238640 4.935627 
5.910000 1.249431 4.945638 
5.920000 1.260129 4.955650 
5.930000 1.270734 4.965661 
5.940000 1.281242 4.975673 
5.950000 1.291651 4.985684 
5.960000 1.301959 4.995696 
5.970000 1.312162 5.005707 
5.980000 1.322260 5.015719 
5.990000 1.332249 5.025730 
6.000000 1.342128 5.035742 
6.010000 1.351894 5.045753 
6.020000 1.361546 5.055765 
6.030000 1.371081 5.065777 
6.040000 1.380497 5.075788 
6.050000 1.389794 5.085800 
6.060000 1.398967 5.095812 
6.070000 1.408018 5.105823 
6.080000 1.416942 5.115835 
6.090000 1.425739 5.125847 
6.100000 1.434408 5.135859 
6.110000 1.442946 5.145871 
6.120000 1.451353 5.155882 
6.130000 1.459627 5.165894 
6.140000 1.467766 5.175906 
6.150000 1.475770 5.185918 
6.160000 1.483637 5.195930 
6.170000 1.491366 5.205942 
6.180000 1.498956 5.215954 
6.190000 1.506407 5.225966 
6.200000 1.513716 5.235978 
6.210000 1.520884 5.245990 
6.220000 1.527909 5.256002 
6.230000 1.534791 5.266014 
6.240000 1.541528 5.276026 
6.250000 1.548121 5.286039 
6.260000 1.554569 5.296051 
6.270000 1.560871 5.306063 
6.280000 1.567026 5.316076 
6.290000 1.573035 5.326088 
6.300000 1.578896 5.336101 
6.310000 1.584610 5.346113 
6.320000 1.590177 5.356126 
6.330000 1.595595 5.366139 
6.340000 1.600865 5.376151 
6.350000 1.605987 5.386164 
6.360000 1.610961 5.396177 
6.370000 1.615786 5.406190 
6.380000 1.620463 5.416203 
6.390000 1.624992 5.426216 
6.400000 1.629373 5.436229 
6.410000 1.633606 5.446241 
6.420000 1.637691 5.456254 
6.430000 1.641628 5.466267 
6.440000 1.645419 5.476280 
6.450000 1.649062 5.486293 
6.460000 1.652559 5.496306 
6.470000 1.655910 5.506319 
6.480000 1.659116 5.516332 
6.490000 1.662176 5.526345 
6.500000 1.665092 5.536358 
6.510000 1.667863 5.546370 
6.520000 1.670492 5.556383 
6.530000 1.672977 5.566396 
6.540000 1.675320 5.576408 
6.550000 1.677522 5.586420 
6.560000 1.679583 5.596432 
6.570000 1.681504 5.606444 
6.580000 1.683286 5.616456 
6.590000 1.684929 5.626468 
6.600000 1.686434 5.636479 
6.610000 1.687803 5.646491 
6.620000 1.689035 5.656502 
6.630000 1.690133 5.666512 
6.640000 1.691096 5.676523 
6.650000 1.691926 5.686533 
6.660000 1.692624 5.696543 
6.670000 1.693190 5.706553 
6.680000 1.693626 5.716562 
6.690000 1.693933 5.726571 
6.700000 1.694110 5.736580 
6.710000 1.694161 5.746589 
6.720000 1.694085 5.756597 
6.730000 1.693883 5.766605 
6.740000 1.693557 5.776612 
6.750000 1.693107 5.786619 
6.760000 1.692535 5.796626 
6.770000 1.691841 5.806632 
6.780000 1.691027 5.816638 
6.790000 1.690094 5.826644 
6.800000 1.689043 5.836650 
6.810000 1.687874 5.846655 
6.820000 1.686588 5.856659 
6.830000 1.685188 5.866664 
6.840000 1.683673 5.876668 
6.850000 1.682045 5.886672 
6.860000 1.680305 5.896676 
6.870000 1.678454 5.906679 
6.880000 1.676492 5.916683 
6.890000 1.674421 5.926686 
6.900000 1.672242 5.936689 
6.910000 1.669955 5.946692 
6.920000 1.667562 5.956695 
6.930000 1.665063 5.966698 
6.940000 1.662460 5.976701 
6.950000 1.659753 5.986704 
6.960000 1.656943 5.996708 
6.970000 1.654031 6.006711 
6.980000 1.651018 6.016715 
6.990000 1.647905 6.026719 
7.000000 1.644692 6.036724 
7.010000 1.641381 6.046729 
7.020000 1.637971 6.056734 
7.030000 1.634465 6.066741 
7.040000 1.630862 6.076748 
7.050000 1.627163 6.086755 
7.060000 1.623368 6.096764 
7.070000 1.619480 6.106773 
7.080000 1.615497 6.116784 
7.090000 1.611422 6.126795 
7.100000 1.607253 6.136808 
7.110000 1.602993 6.146822 
7.120000 1.598641 6.156838 
7.130000 1.594198 6.166855 
7.140000 1.589664 6.176874 
7.150000 1.585041 6.186894 
7.160000 1.580327 6.196916 
7.170000 1.575525 6.206940 
7.180000 1.570633 6.216966 
7.190000 1.565653 6.226994 
7.200000 1.560585 6.237024 
7.210000 1.555429 6.247056 
7.220000 1.550185 6.257091 
7.230000 1.544854 6.267128 
7.240000 1.539436 6.277168 
7.250000 1.533931 6.287211 
7.260000 1.528340 6.297256 
7.270000 1.522661 6.307304 
7.280000 1.516897 6.317354 
7.290000 1.511046 6.327408 
7.300000 1.505109 6.337465 
7.310000 1.499087 6.347525 
7.320000 1.492978 6.357588 
7.330000 1.486783 6.367655 
7.340000 1.480502 6.377724 
7.350000 1.474135 6.387798 
7.360000 1.467682 6.397874 
7.370000 1.461143 6.407954 
7.380000 1.454518 6.418038 
7.390000 1.447806 6.428125 
7.400000 1.441008 6.438215 
7.410000 1.434124 6.448310 
7.420000 1.427154 6.458407 
7.430000 1.420096 6.468509 
7.440000 1.412952 6.478614 
7.450000 1.405720 6.488722 
7.460000 1.398401 6.498835 
7.470000 1.390995 6.508950 
7.480000 1.383501 6.519070 
7.490000 1.375919 6.529192 
7.500000 1.368249 6.539318 
7.510000 1.360490 6.549448 
7.520000 1.352643 6.559580 
7.530000 1.344706 6.569716 
7.540000 1.336681 6.579855 
7.550000 1.328566 6.589996 
7.560000 1.320361 6.600141 
7.570000 1.312066 6.610288 
7.580000 1.303681 6.620438 
7.590000 1.295205 6.630590 
7.600000 1.286639 6.640744 
7.610000 1.277981 6.650900 
7.620000 1.269232 6.661058 
7.630000 1.260391 6.671217 
7.640000 1.251458 6.681378 
7.650000 1.242432 6.691540 
7.660000 1.233315 6.701703 
7.670000 1.224104 6.711866 
7.680000 1.214801 6.722029 
7.690000 1.205404 6.732193 
7.700000 1.195914 6.742356 
7.710000 1.186330 6.752518 
7.720000 1.176652 6.762679 
7.730000 1.166880 6.772839 
7.740000 1.157015 6.782997 
7.750000 1.147054 6.793153 
7.760000 1.137000 6.803306 
7.770000 1.126850 6.813456 
7.780000 1.116607 6.823602 
7.790000 1.106268 6.833745 
7.800000 1.095835 6.843883 
7.810000 1.085307 6.854016 
7.820000 1.074684 6.864144 
7.830000 1.063966 6.874265 
7.840000 1.053154 6.884380 
7.850000 1.042247 6.894488 
7.860000 1.031246 6.904588 
7.870000 1.020151 6.914680 
7.880000 1.008961 6.924762 
7.890000 0.997678 6.934836 
7.900000 0.986300 6.944899 
7.910000 0.974830 6.954951 
7.920000 0.963266 6.964991 
7.930000 0.951609 6.975019 
7.940000 0.939860 6.985034 
7.950000 0.928020 6.995036 
7.960000 0.916087 7.005023 
7.970000 0.904064 7.014994 
7.980000 0.891950 7.024950 
7.990000 0.879746 7.034889 
8.000000 0.867453 7.044810 
8.010000 0.855072 7.054713 
8.020000 0.842602 7.064597 
8.030000 0.830045 7.074460 
8.040000 0.817402 7.084302 
8.050000 0.804673 7.094123 
8.060000 0.791860 7.103921 
8.070000 0.778962 7.113695 
8.080000 0.765982 7.123445 
8.090000 0.752920 7.133169 
8.100000 0.739777 7.142867 
8.110000 0.726555 7.152537 
8.120000 0.713253 7.162180 
8.130000 0.699875 7.171793 
8.140000 0.686420 7.181375 
8.150000 0.672890 7.190927 
8.160000 0.659287 7.200447 
8.170000 0.645612 7.209933 
8.180000 0.631866 7.219385 
8.190000 0.618050 7.228803 
8.200000 0.604167 7.238184 
8.210000 0.590218 7.247527 
8.220000 0.576204 7.256833 
8.230000 0.562127 7.266100 
8.240000 0.547989 7.275326 
8.250000 0.533792 7.284511 
8.260000 0.519536 7.293654 
8.270000 0.505225 7.302754 
8.280000 0.490860 7.311809 
8.290000 0.476443 7.320820 
8.300000 0.461976 7.329784 
8.310000 0.447461 7.338700 
8.320000 0.432901 7.347568 
8.330000 0.418296 7.356387 
8.340000 0.403650 7.365156 
8.350000 0.388964 7.373873 
8.360000 0.374241 7.382537 
8.370000 0.359484 7.391149 
8.380000 0.344694 7.399706 
8.390000 0.329874 7.408207 
8.400000 0.315026 7.416653 
8.410000 0.300153 7.425041 
8.420000 0.285257 7.433371 
8.430000 0.270341 7.441642 
8.440000 0.255407 7.449852 
8.450000 0.240459 7.458002 
8.460000 0.225498 7.466089 
8.470000 0.210528 7.474114 
8.480000 0.195550 7.482075 
8.490000 0.180569 7.489972 
8.500000 0.165586 7.497803 
8.510000 0.150604 7.505567 
8.520000 0.135627 7.513265 
8.530000 0.120657 7.520894 
8.540000 0.105697 7.528455 
8.550000 0.090750 7.535946 
8.560000 0.075820 7.543367 
8.570000 0.060908 7.550717 
8.580000 0.046018 7.557995 
8.590000 0.031153 7.565200 
8.600000 0.016316 7.572333 
8.610000 0.001511 7.579391 
8.620000 -0.013261 7.586375 
8.630000 -0.027995 7.593284 
8.640000 -0.042688 7.600117 
8.650000 -0.057338 7.606873 
8.660000 -0.071942 7.613553 
8.670000 -0.086495 7.620156 
8.680000 -0.100996 7.626680 
8.690000 -0.115441 7.633126 
8.700000 -0.129826 7.639493 
8.710000 -0.144149 7.645780 
8.720000 -0.158406 7.651988 
8.730000 -0.172594 7.658116 
8.740000 -0.186711 7.664163 
8.750000 -0.200752 7.670129 
8.760000 -0.214716 7.676013 
8.770000 -0.228598 7.681817 
8.780000 -0.242396 7.687538 
8.790000 -0.256106 7.693177 
8.800000 -0.269726 7.698734 
8.810000 -0.283252 7.704209 
8.820000 -0.296682 7.709601 
8.830000 -0.310012 7.714910 
8.840000 -0.323239 7.720136 
8.850000 -0.336361 7.725279 
8.860000 -0.349375 7.730339 
8.870000 -0.362277 7.735317 
8.880000 -0.375065 7.740210 
8.890000 -0.387736 7.745021 
8.900000 -0.400288 7.749749 
8.910000 -0.412717 7.754394 
8.920000 -0.425021 7.758956 
8.930000 -0.437197 7.763435 
8.940000 -0.449243 7.767832 
8.950000 -0.461156 7.772146 
8.960000 -0.472934 7.776378 
8.970000 -0.484574 7.780528 
8.980000 -0.496074 7.784597 
8.990000 -0.507432 7.788584 
9.000000 -0.518646 7.792490 
9.010000 -0.529712 7.796315 
9.020000 -0.540630 7.800060 
9.030000 -0.551397 7.803725 
9.040000 -0.562012 7.807310 
9.050000 -0.572472 7.810816 
9.060000 -0.582775 7.814244 
9.070000 -0.592920 7.817593 
9.080000 -0.602906 7.820864 
9.090000 -0.612730 7.824059 
9.100000 -0.622392 7.827177 
9.110000 -0.631889 7.830219 
9.120000 -0.641221 7.833185 
9.130000 -0.650386 7.836077 
9.140000 -0.659384 7.838895 
9.150000 -0.668213 7.841639 
9.160000 -0.676872 7.844311 
9.170000 -0.685360 7.846910 
9.180000 -0.693677 7.849439 
9.190000 -0.701822 7.851897 
9.200000 -0.709795 7.854285 
9.210000 -0.717595 7.856605 
9.220000 -0.725221 7.858856 
9.230000 -0.732674 7.861040 
9.240000 -0.739954 7.863158 
9.250000 -0.747059 7.865210 
9.260000 -0.753991 7.867198 
9.270000 -0.760749 7.869122 
9.280000 -0.767335 7.870983 
9.290000 -0.773747 7.872782 
9.300000 -0.779987 7.874521 
9.310000 -0.786055 7.876200 
9.320000 -0.791953 7.877819 
9.330000 -0.797680 7.879381 
9.340000 -0.803237 7.880886 
9.350000 -0.808627 7.882336 
9.360000 -0.813849 7.883730 
9.370000 -0.818905 7.885071 
9.380000 -0.823797 7.886359 
9.390000 -0.828525 7.887595 
9.400000 -0.833092 7.888781 
9.410000 -0.837499 7.889917 
9.420000 -0.841747 7.891005 
9.430000 -0.845839 7.892046 
9.440000 -0.849777 7.893040 
9.450000 -0.853562 7.893990 
9.460000 -0.857196 7.894895 
9.470000 -0.860683 7.895758 
9.480000 -0.864024 7.896579 
9.490000 -0.867221 7.897359 
9.500000 -0.870278 7.898101 
9.510000 -0.873196 7.898803 
9.520000 -0.875979 7.899469 
9.530000 -0.878628 7.900099 
9.540000 -0.881148 7.900693 
9.550000 -0.883540 7.901254 
9.560000 -0.885809 7.901783 
9.570000 -0.887956 7.902279 
9.580000 -0.889985 7.902746 
9.590000 -0.891899 7.903183 
9.600000 -0.893702 7.903592 
9.610000 -0.895396 7.903973 
9.620000 -0.896985 7.904329 
9.630000 -0.898473 7.904660 
9.640000 -0.899862 7.904967 
9.650000 -0.901157 7.905251 
9.660000 -0.902360 7.905514 
9.670000 -0.903476 7.905756 
9.680000 -0.904507 7.905978 
9.690000 -0.905458 7.906181 
9.700000 -0.906332 7.906367 
9.710000 -0.907132 7.906536 
9.720000 -0.907862 7.906689 
9.730000 -0.908526 7.906828 
9.740000 -0.909128 7.906952 
9.750000 -0.909669 7.907064 
9.760000 -0.910156 7.907163 
9.770000 -0.910590 7.907252 
9.780000 -0.910975 7.907330 
9.790000 -0.911315 7.907398 
9.800000 -0.911612 7.907457 
9.810000 -0.911871 7.907509 
9.820000 -0.912095 7.907553 
9.830000 -0.912286 7.907590 
9.840000 -0.912448 7.907622 
9.850000 -0.912583 7.907648 
9.860000 -0.912695 7.907669 
9.870000 -0.912786 7.907687 
9.880000 -0.912859 7.907701 
9.890000 -0.912916 7.907711 
9.900000 -0.912959 7.907720 
9.910000 -0.912992 7.907726 
9.920000 -0.913015 7.907730 
9.930000 -0.913031 7.907733 
9.940000 -0.913041 7.907735 
9.950000 -0.913048 7.907736 
9.960000 -0.913051 7.907737 
9.970000 -0.913053 7.907737 
9.980000 -0.913053 7.907737 
9.990000 -0.913053 7.907737 
