0.000000 0.000000 0.000000 
1.047200 0.100000 0.698718 
1.047200 0.200000 0.798718 
0.000000 0.300000 1.247435 
0.000000 0.400000 1.347435 
0.000000 0.500000 1.447435 
0.000000 0.600000 1.547435 
0.000000 0.700000 1.647435 
0.000000 0.800000 1.747435 
0.000000 0.900000 1.847435 
0.000000 1.000000 1.947435 
0.000000 1.100000 2.047435 
1.047200 1.200000 2.496153 
1.047200 1.300000 2.596153 
1.047200 1.400000 2.696153 
0.000000 1.500000 3.144870 
1.047200 1.600000 3.593588 
1.047200 1.700000 3.693588 
1.047200 1.800000 3.793588 
1.047200 1.900000 3.893588 
1.047200 2.000000 3.993588 
1.047200 2.100000 4.093588 
1.047200 2.200000 4.193588 
1.047200 2.300000 4.293588 
1.047200 2.400000 4.393588 
1.047200 2.500000 4.493588 
1.047200 2.600000 4.593588 
1.047200 2.700000 4.693588 
2.094400 2.800000 5.142306 
1.047200 2.900000 5.591023 
2.094400 3.000000 6.039741 
1.047200 3.100000 6.488458 
1.047200 3.200000 6.588458 
1.047200 3.300000 6.688458 
1.047200 3.400000 6.788458 
1.047200 3.500000 6.888458 
1.047200 3.600000 6.988458 
1.047200 3.700000 7.088458 
1.047200 3.800000 7.188458 
2.094400 3.900000 7.637176 
0.000000 4.000000 8.434611 
0.000000 4.100000 8.534611 
0.000000 4.200000 8.634611 
0.000000 4.300000 8.734611 
0.000000 4.400000 8.834611 
0.000000 4.500000 8.934611 
0.000000 4.600000 9.034611 
0.000000 4.700000 9.134611 
0.000000 4.800000 9.234611 
1.047200 4.900000 9.683329 
1.047200 5.000000 9.783329 
1.047200 5.100000 9.883329 
1.047200 5.200000 9.983329 
1.047200 5.300000 10.083329 
0.000000 5.400000 10.532046 
2.094400 5.500000 11.329482 
1.047200 5.600000 11.778199 
2.094400 5.700000 12.226917 
1.047200 5.800000 12.675634 
1.047200 5.900000 12.775634 
2.094400 6.000000 13.224352 
2.094400 6.100000 13.324352 
2.094400 6.200000 13.424352 
2.094400 6.300000 13.524352 
2.094400 6.400000 13.624352 
2.094400 6.500000 13.724352 
2.094400 6.600000 13.824352 
2.094400 6.700000 13.924352 
1.047200 6.800000 14.373070 
1.047200 6.900000 14.473070 
1.047200 7.000000 14.573070 
1.047200 7.100000 14.673070 
1.047200 7.200000 14.773070 
1.047200 7.300000 14.873070 
0.561889 7.403314 15.137992 
0.561889 7.506627 15.241305 
0.561889 7.609941 15.344619 
0.561889 7.713254 15.447932 
0.561889 7.816568 15.551246 
0.561889 7.919881 15.654559 
0.561889 8.023195 15.757873 
0.561889 8.126508 15.861186 
0.120082 8.229822 16.111622 
-0.913053 8.333135 16.808969 
