0.000000 0.000000 0.000000 
0.010000 0.000000 0.000000 
0.020000 0.000001 0.000000 
0.030000 0.000003 0.000001 
0.040000 0.000009 0.000002 
0.050000 0.000021 0.000005 
0.060000 0.000043 0.000011 
0.070000 0.000079 0.000020 
0.080000 0.000132 0.000033 
0.090000 0.000208 0.000053 
0.100000 0.000312 0.000079 
0.110000 0.000450 0.000115 
0.120000 0.000627 0.000161 
0.130000 0.000849 0.000219 
0.140000 0.001123 0.000292 
0.150000 0.001455 0.000380 
0.160000 0.001852 0.000487 
0.170000 0.002321 0.000613 
0.180000 0.002868 0.000762 
0.190000 0.003500 0.000936 
0.200000 0.004224 0.001136 
0.210000 0.005046 0.001365 
0.220000 0.005974 0.001626 
0.230000 0.007013 0.001921 
0.240000 0.008170 0.002251 
0.250000 0.009451 0.002621 
0.260000 0.010862 0.003031 
0.270000 0.012408 0.003485 
0.280000 0.014096 0.003985 
0.290000 0.015930 0.004533 
0.300000 0.017916 0.005131 
0.310000 0.020058 0.005783 
0.320000 0.022360 0.006491 
0.330000 0.024827 0.007256 
0.340000 0.027461 0.008082 
0.350000 0.030268 0.008970 
0.360000 0.033249 0.009923 
0.370000 0.036407 0.010944 
0.380000 0.039744 0.012033 
0.390000 0.043262 0.013195 
0.400000 0.046963 0.014430 
0.410000 0.050848 0.015740 
0.420000 0.054917 0.017129 
0.430000 0.059170 0.018597 
0.440000 0.063608 0.020147 
0.450000 0.068229 0.021781 
0.460000 0.073033 0.023499 
0.470000 0.078019 0.025305 
0.480000 0.083184 0.027200 
0.490000 0.088526 0.029185 
0.500000 0.094043 0.031262 
0.510000 0.099732 0.033433 
0.520000 0.105589 0.035698 
0.530000 0.111611 0.038059 
0.540000 0.117793 0.040518 
0.550000 0.124132 0.043075 
0.560000 0.130621 0.045733 
0.570000 0.137257 0.048491 
0.580000 0.144032 0.051350 
0.590000 0.150943 0.054313 
0.600000 0.157981 0.057379 
0.610000 0.165142 0.060549 
0.620000 0.172417 0.063824 
0.630000 0.179800 0.067204 
0.640000 0.187284 0.070691 
0.650000 0.194861 0.074284 
0.660000 0.202523 0.077984 
0.670000 0.210262 0.081791 
0.680000 0.218070 0.085706 
0.690000 0.225939 0.089728 
0.700000 0.233859 0.093858 
0.710000 0.241821 0.098096 
0.720000 0.249818 0.102441 
0.730000 0.257839 0.106894 
0.740000 0.265876 0.111454 
0.750000 0.273919 0.116122 
0.760000 0.281958 0.120896 
0.770000 0.289985 0.125776 
0.780000 0.297989 0.130762 
0.790000 0.305961 0.135854 
0.800000 0.313891 0.141051 
0.810000 0.321770 0.146351 
0.820000 0.329588 0.151755 
0.830000 0.337335 0.157262 
0.840000 0.345002 0.162871 
0.850000 0.352580 0.168581 
0.860000 0.360058 0.174391 
0.870000 0.367427 0.180300 
0.880000 0.374679 0.186307 
0.890000 0.381804 0.192411 
0.900000 0.388794 0.198611 
0.910000 0.395638 0.204906 
0.920000 0.402329 0.211294 
0.930000 0.408857 0.217774 
0.940000 0.415216 0.224346 
0.950000 0.421396 0.231007 
0.960000 0.427389 0.237756 
0.970000 0.433189 0.244592 
0.980000 0.438787 0.251513 
0.990000 0.444176 0.258518 
1.000000 0.449349 0.265605 
1.010000 0.454300 0.272774 
1.020000 0.459022 0.280021 
1.030000 0.463509 0.287346 
1.040000 0.467756 0.294746 
1.050000 0.471756 0.302221 
1.060000 0.475504 0.309768 
1.070000 0.478996 0.317387 
1.080000 0.482228 0.325074 
1.090000 0.485193 0.332828 
1.100000 0.487890 0.340649 
1.110000 0.490314 0.348532 
1.120000 0.492462 0.356478 
1.130000 0.494330 0.364484 
1.140000 0.495918 0.372548 
1.150000 0.497221 0.380668 
1.160000 0.498239 0.388843 
1.170000 0.498969 0.397071 
1.180000 0.499411 0.405349 
1.190000 0.499564 0.413676 
1.200000 0.499427 0.422050 
1.210000 0.499000 0.430469 
1.220000 0.498283 0.438931 
1.230000 0.497277 0.447434 
1.240000 0.495983 0.455976 
1.250000 0.494401 0.464556 
1.260000 0.492534 0.473171 
1.270000 0.490383 0.481819 
1.280000 0.487951 0.490499 
1.290000 0.485239 0.499208 
1.300000 0.482252 0.507944 
1.310000 0.478991 0.516707 
1.320000 0.475461 0.525493 
1.330000 0.471665 0.534301 
1.340000 0.467608 0.543128 
1.350000 0.463294 0.551974 
1.360000 0.458726 0.560835 
1.370000 0.453912 0.569711 
1.380000 0.448855 0.578599 
1.390000 0.443561 0.587497 
1.400000 0.438035 0.596404 
1.410000 0.432285 0.605317 
1.420000 0.426316 0.614235 
1.430000 0.420135 0.623155 
1.440000 0.413748 0.632077 
1.450000 0.407162 0.640998 
1.460000 0.400385 0.649916 
1.470000 0.393424 0.658830 
1.480000 0.386286 0.667738 
1.490000 0.378979 0.676638 
1.500000 0.371512 0.685528 
1.510000 0.363892 0.694406 
1.520000 0.356127 0.703272 
1.530000 0.348226 0.712122 
1.540000 0.340198 0.720956 
1.550000 0.332051 0.729772 
1.560000 0.323794 0.738568 
1.570000 0.315435 0.747342 
1.580000 0.306985 0.756094 
1.590000 0.298452 0.764820 
1.600000 0.289845 0.773521 
1.610000 0.281173 0.782193 
1.620000 0.272447 0.790837 
1.630000 0.263674 0.799449 
1.640000 0.254865 0.808029 
1.650000 0.246030 0.816576 
1.660000 0.237176 0.825087 
1.670000 0.228315 0.833562 
1.680000 0.219456 0.841998 
1.690000 0.210607 0.850395 
1.700000 0.201779 0.858752 
1.710000 0.192981 0.867066 
1.720000 0.184223 0.875338 
1.730000 0.175513 0.883564 
1.740000 0.166861 0.891745 
1.750000 0.158276 0.899879 
1.760000 0.149767 0.907964 
1.770000 0.141344 0.916000 
1.780000 0.133015 0.923986 
1.790000 0.124789 0.931920 
1.800000 0.116675 0.939801 
1.810000 0.108682 0.947629 
1.820000 0.100818 0.955401 
1.830000 0.093091 0.963118 
1.840000 0.085510 0.970778 
1.850000 0.078082 0.978381 
1.860000 0.070816 0.985924 
1.870000 0.063720 0.993409 
1.880000 0.056800 1.000832 
1.890000 0.050064 1.008195 
1.900000 0.043519 1.015495 
1.910000 0.037173 1.022733 
1.920000 0.031032 1.029907 
1.930000 0.025102 1.037017 
1.940000 0.019390 1.044062 
1.950000 0.013902 1.051042 
1.960000 0.008644 1.057955 
1.970000 0.003621 1.064801 
1.980000 -0.001160 1.071580 
1.990000 -0.005696 1.078291 
2.000000 -0.009981 1.084934 
2.010000 -0.014010 1.091508 
2.020000 -0.017779 1.098012 
2.030000 -0.021284 1.104446 
2.040000 -0.024521 1.110811 
2.050000 -0.027486 1.117104 
2.060000 -0.030175 1.123327 
2.070000 -0.032587 1.129479 
2.080000 -0.034717 1.135559 
2.090000 -0.036564 1.141568 
2.100000 -0.038125 1.147505 
2.110000 -0.039398 1.153370 
2.120000 -0.040381 1.159162 
2.130000 -0.041072 1.164882 
2.140000 -0.041471 1.170530 
2.150000 -0.041576 1.176106 
2.160000 -0.041387 1.181609 
2.170000 -0.040903 1.187039 
2.180000 -0.040124 1.192397 
2.190000 -0.039050 1.197683 
2.200000 -0.037681 1.202897 
2.210000 -0.036018 1.208038 
2.220000 -0.034062 1.213108 
2.230000 -0.031814 1.218105 
2.240000 -0.029274 1.223032 
2.250000 -0.026446 1.227886 
2.260000 -0.023329 1.232670 
2.270000 -0.019928 1.237384 
2.280000 -0.016242 1.242027 
2.290000 -0.012276 1.246600 
2.300000 -0.008032 1.251103 
2.310000 -0.003513 1.255538 
2.320000 0.001278 1.259903 
2.330000 0.006338 1.264201 
2.340000 0.011663 1.268431 
2.350000 0.017249 1.272594 
2.360000 0.023092 1.276690 
2.370000 0.029189 1.280720 
2.380000 0.035534 1.284685 
2.390000 0.042124 1.288586 
2.400000 0.048953 1.292423 
2.410000 0.056018 1.296196 
2.420000 0.063311 1.299908 
2.430000 0.070830 1.303557 
2.440000 0.078567 1.307146 
2.450000 0.086518 1.310675 
2.460000 0.094678 1.314144 
2.470000 0.103039 1.317556 
2.480000 0.111597 1.320910 
2.490000 0.120346 1.324208 
2.500000 0.129278 1.327450 
2.510000 0.138389 1.330638 
2.520000 0.147672 1.333773 
2.530000 0.157120 1.336855 
2.540000 0.166727 1.339887 
2.550000 0.176486 1.342868 
2.560000 0.186391 1.345800 
2.570000 0.196435 1.348684 
2.580000 0.206611 1.351522 
2.590000 0.216913 1.354314 
2.600000 0.227333 1.357062 
2.610000 0.237864 1.359766 
2.620000 0.248500 1.362430 
2.630000 0.259234 1.365052 
2.640000 0.270058 1.367636 
2.650000 0.280967 1.370181 
2.660000 0.291951 1.372691 
2.670000 0.303006 1.375165 
2.680000 0.314123 1.377605 
2.690000 0.325296 1.380013 
2.700000 0.336518 1.382391 
2.710000 0.347781 1.384739 
2.720000 0.359080 1.387059 
2.730000 0.370406 1.389352 
2.740000 0.381754 1.391621 
2.750000 0.393117 1.393866 
2.760000 0.404487 1.396089 
2.770000 0.415859 1.398292 
2.780000 0.427226 1.400477 
2.790000 0.438580 1.402644 
2.800000 0.449917 1.404795 
2.810000 0.461229 1.406933 
2.820000 0.472510 1.409058 
2.830000 0.483755 1.411173 
2.840000 0.494957 1.413278 
2.850000 0.506111 1.415377 
2.860000 0.517210 1.417469 
2.870000 0.528249 1.419557 
2.880000 0.539222 1.421643 
2.890000 0.550125 1.423729 
2.900000 0.560951 1.425815 
2.910000 0.571696 1.427905 
2.920000 0.582355 1.429998 
2.930000 0.592923 1.432098 
2.940000 0.603394 1.434206 
2.950000 0.613766 1.436324 
2.960000 0.624032 1.438453 
2.970000 0.634190 1.440595 
2.980000 0.644234 1.442752 
2.990000 0.654162 1.444926 
3.000000 0.663968 1.447118 
3.010000 0.673651 1.449330 
3.020000 0.683206 1.451564 
3.030000 0.692630 1.453822 
3.040000 0.701920 1.456105 
3.050000 0.711073 1.458415 
3.060000 0.720086 1.460753 
3.070000 0.728958 1.463123 
3.080000 0.737685 1.465524 
3.090000 0.746265 1.467960 
3.100000 0.754696 1.470431 
3.110000 0.762978 1.472940 
3.120000 0.771107 1.475487 
3.130000 0.779082 1.478075 
3.140000 0.786902 1.480706 
3.150000 0.794567 1.483380 
3.160000 0.802074 1.486100 
3.170000 0.809424 1.488868 
3.180000 0.816615 1.491684 
3.190000 0.823647 1.494550 
3.200000 0.830520 1.497469 
3.210000 0.837234 1.500441 
3.220000 0.843788 1.503468 
3.230000 0.850184 1.506551 
3.240000 0.856421 1.509693 
3.250000 0.862500 1.512894 
3.260000 0.868421 1.516156 
3.270000 0.874186 1.519480 
3.280000 0.879796 1.522868 
3.290000 0.885251 1.526321 
3.300000 0.890553 1.529841 
3.310000 0.895703 1.533428 
3.320000 0.900703 1.537084 
3.330000 0.905555 1.540810 
3.340000 0.910260 1.544608 
3.350000 0.914821 1.548479 
3.360000 0.919239 1.552423 
3.370000 0.923517 1.556442 
3.380000 0.927658 1.560537 
3.390000 0.931662 1.564710 
3.400000 0.935534 1.568960 
3.410000 0.939276 1.573289 
3.420000 0.942890 1.577699 
3.430000 0.946380 1.582189 
3.440000 0.949749 1.586761 
3.450000 0.952999 1.591415 
3.460000 0.956134 1.596153 
3.470000 0.959156 1.600975 
3.480000 0.962070 1.605882 
3.490000 0.964879 1.610874 
3.500000 0.967586 1.615953 
3.510000 0.970195 1.621118 
3.520000 0.972710 1.626370 
3.530000 0.975133 1.631710 
3.540000 0.977469 1.637137 
3.550000 0.979722 1.642654 
3.560000 0.981895 1.648259 
3.570000 0.983992 1.653953 
3.580000 0.986018 1.659737 
3.590000 0.987975 1.665610 
3.600000 0.989869 1.671572 
3.610000 0.991702 1.677625 
3.620000 0.993480 1.683767 
3.630000 0.995205 1.689999 
3.640000 0.996883 1.696321 
3.650000 0.998516 1.702733 
3.660000 1.000110 1.709234 
3.670000 1.001668 1.715824 
3.680000 1.003194 1.722503 
3.690000 1.004692 1.729271 
3.700000 1.006167 1.736127 
3.710000 1.007621 1.743072 
3.720000 1.009059 1.750103 
3.730000 1.010486 1.757222 
3.740000 1.011904 1.764427 
3.750000 1.013318 1.771717 
3.760000 1.014732 1.779093 
3.770000 1.016149 1.786552 
3.780000 1.017573 1.794096 
3.790000 1.019007 1.801721 
3.800000 1.020456 1.809429 
3.810000 1.021923 1.817217 
3.820000 1.023411 1.825085 
3.830000 1.024923 1.833032 
3.840000 1.026464 1.841056 
3.850000 1.028036 1.849157 
3.860000 1.029642 1.857333 
3.870000 1.031287 1.865583 
3.880000 1.032972 1.873905 
3.890000 1.034700 1.882299 
3.900000 1.036475 1.890762 
3.910000 1.038300 1.899294 
3.920000 1.040176 1.907893 
3.930000 1.042107 1.916556 
3.940000 1.044095 1.925284 
3.950000 1.046142 1.934073 
3.960000 1.048252 1.942923 
3.970000 1.050425 1.951831 
3.980000 1.052664 1.960796 
3.990000 1.054971 1.969816 
4.000000 1.057347 1.978888 
4.010000 1.059796 1.988012 
4.020000 1.062317 1.997185 
4.030000 1.064914 2.006405 
4.040000 1.067586 2.015670 
4.050000 1.070336 2.024977 
4.060000 1.073165 2.034326 
4.070000 1.076073 2.043713 
4.080000 1.079062 2.053137 
4.090000 1.082133 2.062595 
4.100000 1.085285 2.072085 
4.110000 1.088521 2.081604 
4.120000 1.091840 2.091151 
4.130000 1.095243 2.100723 
4.140000 1.098731 2.110317 
4.150000 1.102302 2.119932 
4.160000 1.105957 2.129564 
4.170000 1.109697 2.139212 
4.180000 1.113521 2.148873 
4.190000 1.117428 2.158544 
4.200000 1.121419 2.168223 
4.210000 1.125493 2.177908 
4.220000 1.129649 2.187595 
4.230000 1.133886 2.197283 
4.240000 1.138204 2.206969 
4.250000 1.142602 2.216649 
4.260000 1.147078 2.226323 
4.270000 1.151632 2.235986 
4.280000 1.156262 2.245637 
4.290000 1.160967 2.255273 
4.300000 1.165746 2.264892 
4.310000 1.170597 2.274490 
4.320000 1.175518 2.284065 
4.330000 1.180507 2.293615 
4.340000 1.185563 2.303137 
4.350000 1.190685 2.312629 
4.360000 1.195869 2.322087 
4.370000 1.201114 2.331510 
4.380000 1.206418 2.340895 
4.390000 1.211779 2.350239 
4.400000 1.217193 2.359540 
4.410000 1.222660 2.368796 
4.420000 1.228176 2.378003 
4.430000 1.233739 2.387160 
4.440000 1.239346 2.396264 
4.450000 1.244995 2.405313 
4.460000 1.250683 2.414304 
4.470000 1.256408 2.423235 
4.480000 1.262166 2.432104 
4.490000 1.267954 2.440909 
4.500000 1.273771 2.449647 
4.510000 1.279612 2.458315 
4.520000 1.285475 2.466913 
4.530000 1.291356 2.475437 
4.540000 1.297253 2.483886 
4.550000 1.303163 2.492258 
4.560000 1.309082 2.500551 
4.570000 1.315007 2.508762 
4.580000 1.320936 2.516889 
4.590000 1.326864 2.524932 
4.600000 1.332788 2.532888 
4.610000 1.338706 2.540755 
4.620000 1.344614 2.548532 
4.630000 1.350508 2.556217 
4.640000 1.356386 2.563808 
4.650000 1.362244 2.571304 
4.660000 1.368079 2.578704 
4.670000 1.373887 2.586005 
4.680000 1.379665 2.593207 
4.690000 1.385410 2.600308 
4.700000 1.391118 2.607307 
4.710000 1.396787 2.614203 
4.720000 1.402412 2.620995 
4.730000 1.407991 2.627681 
4.740000 1.413521 2.634261 
4.750000 1.418997 2.640733 
4.760000 1.424418 2.647097 
4.770000 1.429779 2.653353 
4.780000 1.435079 2.659498 
4.790000 1.440312 2.665534 
4.800000 1.445477 2.671458 
4.810000 1.450571 2.677271 
4.820000 1.455590 2.682973 
4.830000 1.460531 2.688562 
4.840000 1.465392 2.694038 
4.850000 1.470169 2.699402 
4.860000 1.474861 2.704653 
4.870000 1.479463 2.709791 
4.880000 1.483974 2.714816 
4.890000 1.488391 2.719728 
4.900000 1.492710 2.724528 
4.910000 1.496930 2.729215 
4.920000 1.501048 2.733790 
4.930000 1.505062 2.738253 
4.940000 1.508969 2.742604 
4.950000 1.512767 2.746845 
4.960000 1.516454 2.750976 
4.970000 1.520027 2.754997 
4.980000 1.523485 2.758909 
4.990000 1.526825 2.762714 
5.000000 1.530046 2.766411 
5.010000 1.533146 2.770002 
5.020000 1.536122 2.773488 
5.030000 1.538974 2.776870 
5.040000 1.541699 2.780149 
5.050000 1.544296 2.783327 
5.060000 1.546764 2.786404 
5.070000 1.549101 2.789382 
5.080000 1.551305 2.792263 
5.090000 1.553376 2.795048 
5.100000 1.555313 2.797739 
5.110000 1.557114 2.800336 
5.120000 1.558778 2.802843 
5.130000 1.560305 2.805261 
5.140000 1.561693 2.807590 
5.150000 1.562942 2.809835 
5.160000 1.564051 2.811995 
5.170000 1.565020 2.814074 
5.180000 1.565849 2.816073 
5.190000 1.566536 2.817995 
5.200000 1.567081 2.819841 
5.210000 1.567485 2.821614 
5.220000 1.567747 2.823316 
5.230000 1.567867 2.824949 
5.240000 1.567845 2.826515 
5.250000 1.567681 2.828017 
5.260000 1.567376 2.829458 
5.270000 1.566929 2.830840 
5.280000 1.566341 2.832164 
5.290000 1.565613 2.833435 
5.300000 1.564745 2.834653 
5.310000 1.563737 2.835823 
5.320000 1.562590 2.836946 
5.330000 1.561306 2.838025 
5.340000 1.559884 2.839063 
5.350000 1.558326 2.840062 
5.360000 1.556632 2.841025 
5.370000 1.554805 2.841955 
5.380000 1.552844 2.842855 
5.390000 1.550752 2.843727 
5.400000 1.548529 2.844574 
5.410000 1.546176 2.845399 
5.420000 1.543696 2.846205 
5.430000 1.541090 2.846994 
5.440000 1.538359 2.847770 
5.450000 1.535504 2.848534 
5.460000 1.532529 2.849291 
5.470000 1.529434 2.850042 
5.480000 1.526220 2.850790 
5.490000 1.522892 2.851539 
5.500000 1.519449 2.852291 
5.510000 1.515894 2.853048 
5.520000 1.512229 2.853815 
5.530000 1.508457 2.854592 
5.540000 1.504579 2.855384 
5.550000 1.500597 2.856193 
5.560000 1.496515 2.857021 
5.570000 1.492333 2.857871 
5.580000 1.488056 2.858747 
5.590000 1.483685 2.859649 
5.600000 1.479222 2.860582 
5.610000 1.474670 2.861548 
5.620000 1.470032 2.862549 
5.630000 1.465310 2.863588 
5.640000 1.460507 2.864667 
5.650000 1.455626 2.865789 
5.660000 1.450669 2.866956 
5.670000 1.445639 2.868170 
5.680000 1.440538 2.869435 
5.690000 1.435371 2.870751 
5.700000 1.430139 2.872122 
5.710000 1.424845 2.873550 
5.720000 1.419493 2.875036 
5.730000 1.414085 2.876584 
5.740000 1.408623 2.878194 
5.750000 1.403112 2.879869 
5.760000 1.397554 2.881611 
5.770000 1.391952 2.883422 
5.780000 1.386309 2.885303 
5.790000 1.380628 2.887257 
5.800000 1.374912 2.889285 
5.810000 1.369165 2.891388 
5.820000 1.363388 2.893569 
5.830000 1.357586 2.895829 
5.840000 1.351760 2.898170 
5.850000 1.345915 2.900592 
5.860000 1.340054 2.903097 
5.870000 1.334179 2.905687 
5.880000 1.328293 2.908363 
5.890000 1.322400 2.911125 
5.900000 1.316502 2.913975 
5.910000 1.310603 2.916915 
5.920000 1.304705 2.919944 
5.930000 1.298812 2.923063 
5.940000 1.292926 2.926274 
5.950000 1.287051 2.929578 
5.960000 1.281189 2.932974 
5.970000 1.275343 2.936464 
5.980000 1.269517 2.940048 
5.990000 1.263712 2.943726 
6.000000 1.257933 2.947500 
6.010000 1.252181 2.951368 
6.020000 1.246460 2.955332 
6.030000 1.240772 2.959391 
6.040000 1.235120 2.963545 
6.050000 1.229507 2.967796 
6.060000 1.223935 2.972142 
6.070000 1.218407 2.976583 
6.080000 1.212926 2.981120 
6.090000 1.207494 2.985752 
6.100000 1.202113 2.990478 
6.110000 1.196787 2.995298 
6.120000 1.191516 3.000213 
6.130000 1.186305 3.005220 
6.140000 1.181155 3.010320 
6.150000 1.176068 3.015512 
6.160000 1.171047 3.020796 
6.170000 1.166093 3.026169 
6.180000 1.161209 3.031633 
6.190000 1.156397 3.037185 
6.200000 1.151659 3.042824 
6.210000 1.146997 3.048550 
6.220000 1.142412 3.054362 
6.230000 1.137907 3.060258 
6.240000 1.133483 3.066237 
6.250000 1.129142 3.072298 
6.260000 1.124886 3.078440 
6.270000 1.120715 3.084661 
6.280000 1.116632 3.090959 
6.290000 1.112638 3.097334 
6.300000 1.108735 3.103783 
6.310000 1.104923 3.110306 
6.320000 1.101204 3.116900 
6.330000 1.097579 3.123563 
6.340000 1.094049 3.130295 
6.350000 1.090615 3.137094 
6.360000 1.087277 3.143956 
6.370000 1.084038 3.150882 
6.380000 1.080897 3.157868 
6.390000 1.077856 3.164913 
6.400000 1.074914 3.172016 
6.410000 1.072073 3.179173 
6.420000 1.069333 3.186383 
6.430000 1.066693 3.193644 
6.440000 1.064156 3.200954 
6.450000 1.061720 3.208311 
6.460000 1.059386 3.215713 
6.470000 1.057154 3.223157 
6.480000 1.055024 3.230641 
6.490000 1.052995 3.238164 
6.500000 1.051069 3.245723 
6.510000 1.049243 3.253315 
6.520000 1.047519 3.260939 
6.530000 1.045895 3.268592 
6.540000 1.044371 3.276272 
6.550000 1.042946 3.283978 
6.560000 1.041620 3.291705 
6.570000 1.040392 3.299453 
6.580000 1.039262 3.307219 
6.590000 1.038227 3.315000 
6.600000 1.037287 3.322795 
6.610000 1.036441 3.330601 
6.620000 1.035688 3.338416 
6.630000 1.035027 3.346237 
6.640000 1.034456 3.354063 
6.650000 1.033973 3.361890 
6.660000 1.033578 3.369718 
6.670000 1.033268 3.377542 
6.680000 1.033042 3.385362 
6.690000 1.032898 3.393175 
6.700000 1.032834 3.400979 
6.710000 1.032849 3.408772 
6.720000 1.032940 3.416551 
6.730000 1.033105 3.424314 
6.740000 1.033342 3.432060 
6.750000 1.033650 3.439785 
6.760000 1.034024 3.447489 
6.770000 1.034464 3.455169 
6.780000 1.034967 3.462822 
6.790000 1.035530 3.470447 
6.800000 1.036150 3.478043 
6.810000 1.036826 3.485606 
6.820000 1.037553 3.493136 
6.830000 1.038330 3.500629 
6.840000 1.039154 3.508085 
6.850000 1.040021 3.515502 
6.860000 1.040929 3.522877 
6.870000 1.041874 3.530210 
6.880000 1.042854 3.537498 
6.890000 1.043865 3.544740 
6.900000 1.044904 3.551933 
6.910000 1.045968 3.559078 
6.920000 1.047053 3.566171 
6.930000 1.048156 3.573212 
6.940000 1.049275 3.580199 
6.950000 1.050404 3.587131 
6.960000 1.051541 3.594007 
6.970000 1.052682 3.600824 
6.980000 1.053823 3.607583 
6.990000 1.054962 3.614281 
7.000000 1.056093 3.620917 
7.010000 1.057215 3.627491 
7.020000 1.058322 3.634001 
7.030000 1.059411 3.640447 
7.040000 1.060478 3.646827 
7.050000 1.061520 3.653141 
7.060000 1.062533 3.659387 
7.070000 1.063512 3.665565 
7.080000 1.064455 3.671675 
7.090000 1.065356 3.677714 
7.100000 1.066213 3.683684 
7.110000 1.067022 3.689583 
7.120000 1.067778 3.695410 
7.130000 1.068478 3.701166 
7.140000 1.069118 3.706849 
7.150000 1.069693 3.712460 
7.160000 1.070201 3.717998 
7.170000 1.070638 3.723462 
7.180000 1.070999 3.728853 
7.190000 1.071281 3.734171 
7.200000 1.071479 3.739414 
7.210000 1.071592 3.744584 
7.220000 1.071613 3.749680 
7.230000 1.071541 3.754702 
7.240000 1.071371 3.759651 
7.250000 1.071100 3.764526 
7.260000 1.070723 3.769327 
7.270000 1.070239 3.774055 
7.280000 1.069642 3.778710 
7.290000 1.068931 3.783293 
7.300000 1.068100 3.787803 
7.310000 1.067148 3.792242 
7.320000 1.066071 3.796609 
7.330000 1.064865 3.800905 
7.340000 1.063528 3.805132 
7.350000 1.062056 3.809288 
7.360000 1.060447 3.813376 
7.370000 1.058698 3.817395 
7.380000 1.056805 3.821346 
7.390000 1.054767 3.825231 
7.400000 1.052580 3.829050 
7.410000 1.050242 3.832803 
7.420000 1.047750 3.836493 
7.430000 1.045103 3.840119 
7.440000 1.042297 3.843683 
7.450000 1.039330 3.847185 
7.460000 1.036201 3.850627 
7.470000 1.032908 3.854010 
7.480000 1.029448 3.857336 
7.490000 1.025820 3.860604 
7.500000 1.022023 3.863816 
7.510000 1.018053 3.866974 
7.520000 1.013912 3.870079 
7.530000 1.009596 3.873133 
7.540000 1.005104 3.876135 
7.550000 1.000436 3.879088 
7.560000 0.995591 3.881994 
7.570000 0.990568 3.884853 
7.580000 0.985366 3.887667 
7.590000 0.979985 3.890437 
7.600000 0.974423 3.893165 
7.610000 0.968682 3.895853 
7.620000 0.962760 3.898502 
7.630000 0.956658 3.901113 
7.640000 0.950375 3.903688 
7.650000 0.943913 3.906229 
7.660000 0.937271 3.908738 
7.670000 0.930450 3.911215 
7.680000 0.923450 3.913662 
7.690000 0.916273 3.916082 
7.700000 0.908919 3.918476 
7.710000 0.901390 3.920845 
7.720000 0.893686 3.923191 
7.730000 0.885809 3.925517 
7.740000 0.877761 3.927823 
7.750000 0.869544 3.930111 
7.760000 0.861158 3.932383 
7.770000 0.852607 3.934642 
7.780000 0.843892 3.936887 
7.790000 0.835015 3.939123 
7.800000 0.825979 3.941349 
7.810000 0.816787 3.943568 
7.820000 0.807442 3.945782 
7.830000 0.797945 3.947992 
7.840000 0.788300 3.950200 
7.850000 0.778511 3.952408 
7.860000 0.768580 3.954617 
7.870000 0.758512 3.956830 
7.880000 0.748309 3.959048 
7.890000 0.737975 3.961273 
7.900000 0.727515 3.963507 
7.910000 0.716932 3.965751 
7.920000 0.706230 3.968007 
7.930000 0.695413 3.970277 
7.940000 0.684487 3.972562 
7.950000 0.673455 3.974865 
7.960000 0.662322 3.977186 
7.970000 0.651093 3.979528 
7.980000 0.639773 3.981893 
7.990000 0.628367 3.984281 
8.000000 0.616880 3.986694 
8.010000 0.605317 3.989135 
8.020000 0.593684 3.991604 
8.030000 0.581985 3.994104 
8.040000 0.570227 3.996635 
8.050000 0.558415 3.999200 
8.060000 0.546555 4.001800 
8.070000 0.534653 4.004436 
8.080000 0.522714 4.007110 
8.090000 0.510746 4.009824 
8.100000 0.498753 4.012578 
8.110000 0.486741 4.015374 
8.120000 0.474718 4.018215 
8.130000 0.462690 4.021100 
8.140000 0.450662 4.024031 
8.150000 0.438642 4.027010 
8.160000 0.426635 4.030038 
8.170000 0.414648 4.033117 
8.180000 0.402688 4.036247 
8.190000 0.390762 4.039429 
8.200000 0.378875 4.042666 
8.210000 0.367035 4.045957 
8.220000 0.355249 4.049304 
8.230000 0.343523 4.052709 
8.240000 0.331863 4.056172 
8.250000 0.320277 4.059695 
8.260000 0.308771 4.063278 
8.270000 0.297352 4.066922 
8.280000 0.286027 4.070628 
8.290000 0.274803 4.074397 
8.300000 0.263685 4.078231 
8.310000 0.252682 4.082129 
8.320000 0.241799 4.086093 
8.330000 0.231043 4.090124 
8.340000 0.220421 4.094221 
8.350000 0.209940 4.098387 
8.360000 0.199605 4.102621 
8.370000 0.189423 4.106924 
8.380000 0.179401 4.111297 
8.390000 0.169546 4.115741 
8.400000 0.159862 4.120255 
8.410000 0.150357 4.124840 
8.420000 0.141037 4.129497 
8.430000 0.131908 4.134227 
8.440000 0.122975 4.139029 
8.450000 0.114245 4.143903 
8.460000 0.105723 4.148851 
8.470000 0.097415 4.153873 
8.480000 0.089327 4.158968 
8.490000 0.081464 4.164136 
8.500000 0.073832 4.169379 
8.510000 0.066435 4.174696 
8.520000 0.059279 4.180087 
8.530000 0.052368 4.185552 
8.540000 0.045709 4.191091 
8.550000 0.039304 4.196704 
8.560000 0.033160 4.202392 
8.570000 0.027280 4.208153 
8.580000 0.021668 4.213988 
8.590000 0.016330 4.219896 
8.600000 0.011267 4.225878 
8.610000 0.006486 4.231932 
8.620000 0.001989 4.238060 
8.630000 -0.002221 4.244259 
8.640000 -0.006140 4.250530 
8.650000 -0.009764 4.256873 
8.660000 -0.013092 4.263287 
8.670000 -0.016120 4.269771 
8.680000 -0.018845 4.276326 
8.690000 -0.021266 4.282949 
8.700000 -0.023379 4.289641 
8.710000 -0.025183 4.296402 
8.720000 -0.026677 4.303229 
8.730000 -0.027858 4.310124 
8.740000 -0.028725 4.317084 
8.750000 -0.029276 4.324109 
8.760000 -0.029512 4.331198 
8.770000 -0.029430 4.338351 
8.780000 -0.029031 4.345566 
8.790000 -0.028313 4.352843 
8.800000 -0.027277 4.360180 
8.810000 -0.025923 4.367577 
8.820000 -0.024250 4.375032 
8.830000 -0.022260 4.382544 
8.840000 -0.019953 4.390113 
8.850000 -0.017329 4.397737 
8.860000 -0.014390 4.405414 
8.870000 -0.011137 4.413145 
8.880000 -0.007572 4.420927 
8.890000 -0.003695 4.428760 
8.900000 0.000490 4.436641 
8.910000 0.004982 4.444570 
8.920000 0.009779 4.452546 
8.930000 0.014878 4.460566 
8.940000 0.020276 4.468630 
8.950000 0.025971 4.476736 
8.960000 0.031959 4.484883 
8.970000 0.038237 4.493070 
8.980000 0.044801 4.501294 
8.990000 0.051649 4.509554 
9.000000 0.058775 4.517849 
9.010000 0.066176 4.526177 
9.020000 0.073848 4.534537 
9.030000 0.081786 4.542927 
9.040000 0.089986 4.551345 
9.050000 0.098442 4.559790 
9.060000 0.107150 4.568260 
9.070000 0.116105 4.576754 
9.080000 0.125301 4.585269 
9.090000 0.134734 4.593805 
9.100000 0.144396 4.602359 
9.110000 0.154284 4.610930 
9.120000 0.164390 4.619515 
9.130000 0.174708 4.628114 
9.140000 0.185233 4.636725 
9.150000 0.195959 4.645345 
9.160000 0.206878 4.653974 
9.170000 0.217985 4.662608 
9.180000 0.229272 4.671247 
9.190000 0.240733 4.679889 
9.200000 0.252361 4.688532 
9.210000 0.264149 4.697174 
9.220000 0.276090 4.705814 
9.230000 0.288177 4.714449 
9.240000 0.300402 4.723078 
9.250000 0.312759 4.731699 
9.260000 0.325240 4.740310 
9.270000 0.337837 4.748910 
9.280000 0.350544 4.757496 
9.290000 0.363352 4.766068 
9.300000 0.376254 4.774623 
9.310000 0.389242 4.783159 
9.320000 0.402309 4.791676 
9.330000 0.415447 4.800170 
9.340000 0.428648 4.808641 
9.350000 0.441905 4.817086 
9.360000 0.455210 4.825504 
9.370000 0.468555 4.833894 
9.380000 0.481933 4.842253 
9.390000 0.495335 4.850580 
9.400000 0.508754 4.858874 
9.410000 0.522183 4.867132 
9.420000 0.535613 4.875353 
9.430000 0.549038 4.883536 
9.440000 0.562449 4.891679 
9.450000 0.575839 4.899781 
9.460000 0.589201 4.907839 
9.470000 0.602528 4.915853 
9.480000 0.615811 4.923821 
9.490000 0.629044 4.931742 
9.500000 0.642219 4.939613 
9.510000 0.655330 4.947435 
9.520000 0.668370 4.955205 
9.530000 0.681331 4.962922 
9.540000 0.694207 4.970584 
9.550000 0.706991 4.978191 
9.560000 0.719676 4.985742 
9.570000 0.732257 4.993234 
9.580000 0.744726 5.000668 
9.590000 0.757078 5.008040 
9.600000 0.769306 5.015352 
9.610000 0.781405 5.022601 
9.620000 0.793368 5.029786 
9.630000 0.805191 5.036907 
9.640000 0.816867 5.043962 
9.650000 0.828392 5.050951 
9.660000 0.839759 5.057872 
9.670000 0.850965 5.064725 
9.680000 0.862004 5.071509 
9.690000 0.872872 5.078222 
9.700000 0.883564 5.084865 
9.710000 0.894075 5.091437 
9.720000 0.904403 5.097936 
9.730000 0.914543 5.104363 
9.740000 0.924490 5.110716 
9.750000 0.934243 5.116996 
9.760000 0.943796 5.123201 
9.770000 0.953148 5.129331 
9.780000 0.962295 5.135386 
9.790000 0.971235 5.141364 
9.800000 0.979965 5.147267 
9.810000 0.988483 5.153094 
9.820000 0.996787 5.158843 
9.830000 1.004874 5.164516 
9.840000 1.012744 5.170111 
9.850000 1.020394 5.175629 
9.860000 1.027824 5.181070 
9.870000 1.035033 5.186433 
9.880000 1.042020 5.191719 
9.890000 1.048784 5.196928 
9.900000 1.055324 5.202059 
9.910000 1.061642 5.207112 
9.920000 1.067737 5.212089 
9.930000 1.073609 5.216988 
9.940000 1.079259 5.221811 
9.950000 1.084687 5.226557 
9.960000 1.089895 5.231227 
9.970000 1.094883 5.235821 
9.980000 1.099654 5.240340 
9.990000 1.104209 5.244783 
10.000000 1.108548 5.249152 
10.010000 1.112676 5.253447 
10.020000 1.116593 5.257668 
10.030000 1.120302 5.261817 
10.040000 1.123806 5.265892 
10.050000 1.127108 5.269896 
10.060000 1.130210 5.273829 
10.070000 1.133116 5.277692 
10.080000 1.135828 5.281485 
10.090000 1.138351 5.285209 
10.100000 1.140689 5.288865 
10.110000 1.142844 5.292454 
10.120000 1.144822 5.295977 
10.130000 1.146625 5.299434 
10.140000 1.148260 5.302826 
10.150000 1.149729 5.306155 
10.160000 1.151038 5.309421 
10.170000 1.152191 5.312626 
10.180000 1.153194 5.315770 
10.190000 1.154051 5.318854 
10.200000 1.154768 5.321880 
10.210000 1.155350 5.324849 
10.220000 1.155801 5.327761 
10.230000 1.156129 5.330618 
10.240000 1.156337 5.333422 
10.250000 1.156432 5.336172 
10.260000 1.156421 5.338871 
10.270000 1.156307 5.341520 
10.280000 1.156098 5.344119 
10.290000 1.155800 5.346670 
10.300000 1.155418 5.349175 
10.310000 1.154959 5.351635 
10.320000 1.154429 5.354050 
10.330000 1.153833 5.356422 
10.340000 1.153179 5.358753 
10.350000 1.152473 5.361043 
10.360000 1.151721 5.363295 
10.370000 1.150929 5.365509 
10.380000 1.150103 5.367687 
10.390000 1.149251 5.369829 
10.400000 1.148377 5.371938 
10.410000 1.147490 5.374015 
10.420000 1.146594 5.376060 
10.430000 1.145698 5.378076 
10.440000 1.144805 5.380064 
10.450000 1.143924 5.382024 
10.460000 1.143060 5.383958 
10.470000 1.142219 5.385869 
10.480000 1.141408 5.387756 
10.490000 1.140632 5.389621 
10.500000 1.139899 5.391465 
10.510000 1.139212 5.393291 
10.520000 1.138580 5.395098 
10.530000 1.138006 5.396889 
10.540000 1.137498 5.398664 
10.550000 1.137060 5.400424 
10.560000 1.136699 5.402172 
10.570000 1.136419 5.403908 
10.580000 1.136226 5.405633 
10.590000 1.136126 5.407349 
10.600000 1.136122 5.409057 
10.610000 1.136221 5.410757 
10.620000 1.136427 5.412451 
10.630000 1.136745 5.414140 
10.640000 1.137179 5.415826 
10.650000 1.137734 5.417508 
10.660000 1.138414 5.419189 
10.670000 1.139223 5.420869 
10.680000 1.140165 5.422550 
10.690000 1.141244 5.424231 
10.700000 1.142464 5.425915 
10.710000 1.143827 5.427601 
10.720000 1.145338 5.429292 
10.730000 1.147000 5.430987 
10.740000 1.148815 5.432688 
10.750000 1.150786 5.434395 
10.760000 1.152916 5.436110 
10.770000 1.155207 5.437832 
10.780000 1.157661 5.439563 
10.790000 1.160280 5.441304 
10.800000 1.163067 5.443054 
10.810000 1.166022 5.444816 
10.820000 1.169148 5.446588 
10.830000 1.172444 5.448372 
10.840000 1.175914 5.450169 
10.850000 1.179556 5.451978 
10.860000 1.183372 5.453801 
10.870000 1.187362 5.455637 
10.880000 1.191527 5.457488 
10.890000 1.195865 5.459353 
10.900000 1.200378 5.461233 
10.910000 1.205065 5.463128 
10.920000 1.209924 5.465039 
10.930000 1.214956 5.466965 
10.940000 1.220159 5.468908 
10.950000 1.225532 5.470866 
10.960000 1.231074 5.472841 
10.970000 1.236783 5.474832 
10.980000 1.242656 5.476840 
10.990000 1.248693 5.478864 
11.000000 1.254890 5.480905 
11.010000 1.261247 5.482962 
11.020000 1.267759 5.485037 
11.030000 1.274424 5.487127 
11.040000 1.281239 5.489234 
11.050000 1.288202 5.491357 
11.060000 1.295308 5.493497 
11.070000 1.302556 5.495653 
11.080000 1.309939 5.497824 
11.090000 1.317456 5.500011 
11.100000 1.325103 5.502214 
11.110000 1.332874 5.504431 
11.120000 1.340766 5.506663 
11.130000 1.348775 5.508910 
11.140000 1.356896 5.511172 
11.150000 1.365125 5.513447 
11.160000 1.373456 5.515735 
11.170000 1.381886 5.518037 
11.180000 1.390408 5.520351 
11.190000 1.399018 5.522677 
11.200000 1.407711 5.525016 
11.210000 1.416482 5.527365 
11.220000 1.425325 5.529726 
11.230000 1.434234 5.532097 
11.240000 1.443204 5.534477 
11.250000 1.452230 5.536867 
11.260000 1.461306 5.539266 
11.270000 1.470426 5.541673 
11.280000 1.479585 5.544088 
11.290000 1.488776 5.546510 
11.300000 1.497993 5.548939 
11.310000 1.507232 5.551374 
11.320000 1.516485 5.553814 
11.330000 1.525747 5.556259 
11.340000 1.535012 5.558708 
11.350000 1.544273 5.561161 
11.360000 1.553526 5.563617 
11.370000 1.562763 5.566075 
11.380000 1.571980 5.568536 
11.390000 1.581169 5.570997 
11.400000 1.590325 5.573460 
11.410000 1.599443 5.575922 
11.420000 1.608515 5.578384 
11.430000 1.617537 5.580845 
11.440000 1.626502 5.583305 
11.450000 1.635405 5.585762 
11.460000 1.644241 5.588216 
11.470000 1.653002 5.590667 
11.480000 1.661685 5.593114 
11.490000 1.670283 5.595557 
11.500000 1.678791 5.597995 
11.510000 1.687204 5.600428 
11.520000 1.695516 5.602854 
11.530000 1.703723 5.605274 
11.540000 1.711819 5.607688 
11.550000 1.719800 5.610093 
11.560000 1.727660 5.612492 
11.570000 1.735396 5.614882 
11.580000 1.743002 5.617263 
11.590000 1.750475 5.619635 
11.600000 1.757809 5.621999 
11.610000 1.765002 5.624352 
11.620000 1.772048 5.626696 
11.630000 1.778945 5.629029 
11.640000 1.785688 5.631351 
11.650000 1.792274 5.633663 
11.660000 1.798700 5.635964 
11.670000 1.804963 5.638254 
11.680000 1.811059 5.640532 
11.690000 1.816987 5.642799 
11.700000 1.822742 5.645054 
11.710000 1.828323 5.647297 
11.720000 1.833728 5.649528 
11.730000 1.838954 5.651748 
11.740000 1.844000 5.653955 
11.750000 1.848864 5.656151 
11.760000 1.853545 5.658335 
11.770000 1.858041 5.660507 
11.780000 1.862351 5.662668 
11.790000 1.866475 5.664817 
11.800000 1.870412 5.666955 
11.810000 1.874161 5.669081 
11.820000 1.877722 5.671197 
11.830000 1.881095 5.673302 
11.840000 1.884280 5.675396 
11.850000 1.887278 5.677481 
11.860000 1.890090 5.679555 
11.870000 1.892715 5.681621 
11.880000 1.895156 5.683678 
11.890000 1.897413 5.685726 
11.900000 1.899487 5.687766 
11.910000 1.901382 5.689798 
11.920000 1.903097 5.691824 
11.930000 1.904636 5.693844 
11.940000 1.906000 5.695857 
11.950000 1.907192 5.697866 
11.960000 1.908215 5.699870 
11.970000 1.909072 5.701870 
11.980000 1.909764 5.703867 
11.990000 1.910297 5.705861 
12.000000 1.910672 5.707854 
12.010000 1.910894 5.709847 
12.020000 1.910967 5.711839 
12.030000 1.910893 5.713832 
12.040000 1.910677 5.715827 
12.050000 1.910324 5.717824 
12.060000 1.909838 5.719825 
12.070000 1.909223 5.721831 
12.080000 1.908484 5.723842 
12.090000 1.907626 5.725859 
12.100000 1.906653 5.727884 
12.110000 1.905571 5.729917 
12.120000 1.904385 5.731960 
12.130000 1.903100 5.734013 
12.140000 1.901721 5.736077 
12.150000 1.900255 5.738155 
12.160000 1.898706 5.740246 
12.170000 1.897081 5.742352 
12.180000 1.895384 5.744474 
12.190000 1.893623 5.746614 
12.200000 1.891803 5.748772 
12.210000 1.889929 5.750949 
12.220000 1.888008 5.753147 
12.230000 1.886047 5.755366 
12.240000 1.884050 5.757609 
12.250000 1.882025 5.759876 
12.260000 1.879977 5.762169 
12.270000 1.877913 5.764488 
12.280000 1.875839 5.766834 
12.290000 1.873761 5.769210 
12.300000 1.871686 5.771616 
12.310000 1.869619 5.774054 
12.320000 1.867567 5.776524 
12.330000 1.865537 5.779028 
12.340000 1.863534 5.781567 
12.350000 1.861564 5.784142 
12.360000 1.859634 5.786755 
12.370000 1.857749 5.789406 
12.380000 1.855916 5.792097 
12.390000 1.854141 5.794829 
12.400000 1.852429 5.797603 
12.410000 1.850786 5.800420 
12.420000 1.849218 5.803281 
12.430000 1.847730 5.806188 
12.440000 1.846328 5.809141 
12.450000 1.845018 5.812142 
12.460000 1.843805 5.815191 
12.470000 1.842693 5.818290 
12.480000 1.841688 5.821440 
12.490000 1.840794 5.824641 
12.500000 1.840018 5.827895 
12.510000 1.839362 5.831203 
12.520000 1.838832 5.834565 
12.530000 1.838432 5.837982 
12.540000 1.838165 5.841456 
12.550000 1.838037 5.844987 
12.560000 1.838051 5.848576 
12.570000 1.838210 5.852224 
12.580000 1.838518 5.855931 
12.590000 1.838977 5.859698 
12.600000 1.839592 5.863527 
12.610000 1.840365 5.867417 
12.620000 1.841299 5.871369 
12.630000 1.842395 5.875384 
12.640000 1.843657 5.879463 
12.650000 1.845086 5.883606 
12.660000 1.846684 5.887813 
12.670000 1.848453 5.892085 
12.680000 1.850393 5.896423 
12.690000 1.852506 5.900826 
12.700000 1.854793 5.905295 
12.710000 1.857254 5.909831 
12.720000 1.859891 5.914434 
12.730000 1.862701 5.919103 
12.740000 1.865687 5.923840 
12.750000 1.868847 5.928644 
12.760000 1.872181 5.933516 
12.770000 1.875687 5.938455 
12.780000 1.879365 5.943461 
12.790000 1.883214 5.948535 
12.800000 1.887231 5.953677 
12.810000 1.891415 5.958885 
12.820000 1.895763 5.964161 
12.830000 1.900274 5.969504 
12.840000 1.904945 5.974914 
12.850000 1.909772 5.980390 
12.860000 1.914753 5.985933 
12.870000 1.919884 5.991541 
12.880000 1.925162 5.997215 
12.890000 1.930582 6.002954 
12.900000 1.936141 6.008758 
12.910000 1.941834 6.014625 
12.920000 1.947657 6.020556 
12.930000 1.953605 6.026550 
12.940000 1.959672 6.032606 
12.950000 1.965854 6.038724 
12.960000 1.972145 6.044902 
12.970000 1.978540 6.051141 
12.980000 1.985032 6.057439 
12.990000 1.991616 6.063795 
13.000000 1.998285 6.070209 
13.010000 2.005032 6.076679 
13.020000 2.011852 6.083205 
13.030000 2.018737 6.089786 
13.040000 2.025680 6.096420 
13.050000 2.032674 6.103107 
13.060000 2.039712 6.109845 
13.070000 2.046787 6.116634 
13.080000 2.053890 6.123472 
13.090000 2.061014 6.130359 
13.100000 2.068151 6.137292 
13.110000 2.075294 6.144270 
13.120000 2.082434 6.151293 
13.130000 2.089562 6.158359 
13.140000 2.096672 6.165467 
13.150000 2.103754 6.172615 
13.160000 2.110799 6.179803 
13.170000 2.117800 6.187028 
13.180000 2.124748 6.194289 
13.190000 2.131634 6.201585 
13.200000 2.138450 6.208914 
13.210000 2.145187 6.216275 
13.220000 2.151836 6.223667 
13.230000 2.158389 6.231088 
13.240000 2.164836 6.238536 
13.250000 2.171170 6.246010 
13.260000 2.177381 6.253508 
13.270000 2.183461 6.261029 
13.280000 2.189401 6.268572 
13.290000 2.195193 6.276134 
13.300000 2.200828 6.283715 
13.310000 2.206298 6.291311 
13.320000 2.211594 6.298923 
13.330000 2.216708 6.306549 
13.340000 2.221632 6.314186 
13.350000 2.226358 6.321834 
13.360000 2.230877 6.329490 
13.370000 2.235182 6.337153 
13.380000 2.239265 6.344822 
13.390000 2.243119 6.352495 
13.400000 2.246735 6.360171 
13.410000 2.250107 6.367847 
13.420000 2.253228 6.375522 
13.430000 2.256090 6.383196 
13.440000 2.258686 6.390866 
13.450000 2.261011 6.398530 
13.460000 2.263058 6.406188 
13.470000 2.264820 6.413838 
13.480000 2.266292 6.421478 
13.490000 2.267467 6.429107 
13.500000 2.268341 6.436724 
13.510000 2.268907 6.444326 
13.520000 2.269161 6.451914 
13.530000 2.269099 6.459484 
13.540000 2.268714 6.467037 
13.550000 2.268005 6.474571 
13.560000 2.266965 6.482084 
13.570000 2.265592 6.489575 
13.580000 2.263881 6.497043 
13.590000 2.261831 6.504487 
13.600000 2.259438 6.511906 
13.610000 2.256699 6.519298 
13.620000 2.253613 6.526662 
13.630000 2.250176 6.533998 
13.640000 2.246389 6.541304 
13.650000 2.242249 6.548579 
13.660000 2.237755 6.555823 
13.670000 2.232907 6.563034 
13.680000 2.227704 6.570211 
13.690000 2.222147 6.577354 
13.700000 2.216236 6.584462 
13.710000 2.209971 6.591534 
13.720000 2.203354 6.598569 
13.730000 2.196386 6.605567 
13.740000 2.189068 6.612527 
13.750000 2.181403 6.619448 
13.760000 2.173393 6.626330 
13.770000 2.165042 6.633172 
13.780000 2.156351 6.639974 
13.790000 2.147324 6.646736 
13.800000 2.137966 6.653456 
13.810000 2.128281 6.660135 
13.820000 2.118272 6.666773 
13.830000 2.107945 6.673368 
13.840000 2.097305 6.679922 
13.850000 2.086357 6.686433 
13.860000 2.075107 6.692902 
13.870000 2.063562 6.699328 
13.880000 2.051728 6.705712 
13.890000 2.039611 6.712054 
13.900000 2.027219 6.718353 
13.910000 2.014559 6.724610 
13.920000 2.001639 6.730825 
13.930000 1.988466 6.736998 
13.940000 1.975050 6.743129 
13.950000 1.961398 6.749219 
13.960000 1.947519 6.755268 
13.970000 1.933423 6.761277 
13.980000 1.919119 6.767245 
13.990000 1.904616 6.773174 
14.000000 1.889924 6.779064 
14.010000 1.875054 6.784915 
14.020000 1.860015 6.790728 
14.030000 1.844818 6.796503 
14.040000 1.829473 6.802242 
14.050000 1.813992 6.807946 
14.060000 1.798385 6.813613 
14.070000 1.782664 6.819247 
14.080000 1.766839 6.824847 
14.090000 1.750923 6.830414 
14.100000 1.734926 6.835950 
14.110000 1.718861 6.841455 
14.120000 1.702740 6.846930 
14.130000 1.686573 6.852376 
14.140000 1.670374 6.857795 
14.150000 1.654154 6.863187 
14.160000 1.637925 6.868553 
14.170000 1.621700 6.873895 
14.180000 1.605490 6.879213 
14.190000 1.589308 6.884510 
14.200000 1.573166 6.889785 
14.210000 1.557075 6.895041 
14.220000 1.541049 6.900279 
14.230000 1.525099 6.905500 
14.240000 1.509237 6.910705 
14.250000 1.493476 6.915896 
14.260000 1.477826 6.921073 
14.270000 1.462301 6.926239 
14.280000 1.446911 6.931395 
14.290000 1.431668 6.936541 
14.300000 1.416584 6.941681 
14.310000 1.401670 6.946814 
14.320000 1.386937 6.951943 
14.330000 1.372396 6.957068 
14.340000 1.358058 6.962192 
14.350000 1.343933 6.967316 
14.360000 1.330032 6.972441 
14.370000 1.316365 6.977569 
14.380000 1.302942 6.982701 
14.390000 1.289773 6.987839 
14.400000 1.276867 6.992984 
14.410000 1.264232 6.998138 
14.420000 1.251879 7.003302 
14.430000 1.239816 7.008478 
14.440000 1.228050 7.013667 
14.450000 1.216591 7.018871 
14.460000 1.205445 7.024091 
14.470000 1.194619 7.029329 
14.480000 1.184122 7.034586 
14.490000 1.173959 7.039864 
14.500000 1.164136 7.045163 
14.510000 1.154660 7.050486 
14.520000 1.145536 7.055834 
14.530000 1.136769 7.061208 
14.540000 1.128364 7.066610 
14.550000 1.120324 7.072041 
14.560000 1.112655 7.077502 
14.570000 1.105358 7.082995 
14.580000 1.098438 7.088521 
14.590000 1.091896 7.094081 
14.600000 1.085735 7.099677 
14.610000 1.079956 7.105309 
14.620000 1.074561 7.110980 
14.630000 1.069550 7.116689 
14.640000 1.064923 7.122439 
14.650000 1.060681 7.128231 
14.660000 1.056823 7.134065 
14.670000 1.053346 7.139943 
14.680000 1.050251 7.145865 
14.690000 1.047534 7.151833 
14.700000 1.045193 7.157848 
14.710000 1.043224 7.163910 
14.720000 1.041625 7.170021 
14.730000 1.040391 7.176181 
14.740000 1.039517 7.182391 
14.750000 1.038998 7.188652 
14.760000 1.038830 7.194965 
14.770000 1.039005 7.201330 
14.780000 1.039517 7.207749 
14.790000 1.040359 7.214221 
14.800000 1.041525 7.220747 
14.810000 1.043005 7.227327 
14.820000 1.044791 7.233964 
14.830000 1.046875 7.240655 
14.840000 1.049247 7.247403 
14.850000 1.051898 7.254208 
14.860000 1.054817 7.261069 
14.870000 1.057994 7.267987 
14.880000 1.061417 7.274962 
14.890000 1.065076 7.281995 
14.900000 1.068959 7.289086 
14.910000 1.073052 7.296234 
14.920000 1.077345 7.303439 
14.930000 1.081823 7.310702 
14.940000 1.086474 7.318023 
14.950000 1.091284 7.325402 
14.960000 1.096239 7.332837 
14.970000 1.101324 7.340330 
14.980000 1.106527 7.347879 
14.990000 1.111831 7.355485 
15.000000 1.117222 7.363147 
15.010000 1.122684 7.370864 
15.020000 1.128202 7.378637 
15.030000 1.133761 7.386465 
15.040000 1.139344 7.394347 
15.050000 1.144936 7.402282 
15.060000 1.150521 7.410270 
15.070000 1.156081 7.418311 
15.080000 1.161601 7.426402 
15.090000 1.167065 7.434545 
15.100000 1.172455 7.442737 
15.110000 1.177755 7.450979 
15.120000 1.182949 7.459268 
15.130000 1.188020 7.467605 
15.140000 1.192951 7.475987 
15.150000 1.197726 7.484414 
15.160000 1.202328 7.492885 
15.170000 1.206741 7.501399 
15.180000 1.210948 7.509954 
15.190000 1.214932 7.518549 
15.200000 1.218679 7.527184 
15.210000 1.222171 7.535856 
15.220000 1.225394 7.544564 
15.230000 1.228330 7.553306 
15.240000 1.230966 7.562082 
15.250000 1.233285 7.570890 
15.260000 1.235273 7.579729 
15.270000 1.236915 7.588596 
15.280000 1.238197 7.597490 
15.290000 1.239104 7.606410 
15.300000 1.239623 7.615353 
15.310000 1.239740 7.624319 
15.320000 1.239443 7.633305 
15.330000 1.238719 7.642310 
15.340000 1.237554 7.651331 
15.350000 1.235939 7.660368 
15.360000 1.233861 7.669417 
15.370000 1.231309 7.678478 
15.380000 1.228272 7.687549 
15.390000 1.224742 7.696626 
15.400000 1.220708 7.705709 
15.410000 1.216161 7.714796 
15.420000 1.211094 7.723884 
15.430000 1.205497 7.732971 
15.440000 1.199365 7.742056 
15.450000 1.192689 7.751136 
15.460000 1.185465 7.760209 
15.470000 1.177686 7.769273 
15.480000 1.169347 7.778326 
15.490000 1.160445 7.787366 
15.500000 1.150975 7.796390 
15.510000 1.140935 7.805397 
15.520000 1.130323 7.814385 
15.530000 1.119136 7.823350 
15.540000 1.107373 7.832292 
15.550000 1.095035 7.841207 
15.560000 1.082122 7.850093 
15.570000 1.068635 7.858949 
15.580000 1.054575 7.867772 
15.590000 1.039945 7.876560 
15.600000 1.024748 7.885311 
15.610000 1.008989 7.894022 
15.620000 0.992671 7.902692 
15.630000 0.975801 7.911317 
15.640000 0.958384 7.919897 
15.650000 0.940426 7.928428 
15.660000 0.921936 7.936909 
15.670000 0.902922 7.945337 
15.680000 0.883392 7.953710 
15.690000 0.863356 7.962027 
15.700000 0.842824 7.970284 
15.710000 0.821807 7.978481 
15.720000 0.800318 7.986614 
15.730000 0.778367 7.994681 
15.740000 0.755969 8.002682 
15.750000 0.733136 8.010613 
15.760000 0.709883 8.018472 
15.770000 0.686225 8.026259 
15.780000 0.662177 8.033970 
15.790000 0.637756 8.041603 
15.800000 0.612977 8.049158 
15.810000 0.587859 8.056632 
15.820000 0.562418 8.064023 
15.830000 0.536673 8.071330 
15.840000 0.510643 8.078550 
15.850000 0.484347 8.085682 
15.860000 0.457805 8.092725 
15.870000 0.431036 8.099676 
15.880000 0.404061 8.106535 
15.890000 0.376900 8.113299 
15.900000 0.349576 8.119968 
15.910000 0.322108 8.126539 
15.920000 0.294519 8.133012 
15.930000 0.266831 8.139384 
15.940000 0.239066 8.145656 
15.950000 0.211245 8.151825 
15.960000 0.183392 8.157890 
15.970000 0.155529 8.163851 
15.980000 0.127678 8.169706 
15.990000 0.099861 8.175455 
16.000000 0.072102 8.181095 
16.010000 0.044423 8.186628 
16.020000 0.016846 8.192051 
16.030000 -0.010606 8.197364 
16.040000 -0.037912 8.202567 
16.050000 -0.065050 8.207658 
16.060000 -0.091997 8.212638 
16.070000 -0.118733 8.217505 
16.080000 -0.145237 8.222261 
16.090000 -0.171487 8.226903 
16.100000 -0.197464 8.231433 
16.110000 -0.223147 8.235849 
16.120000 -0.248517 8.240153 
16.130000 -0.273554 8.244343 
16.140000 -0.298242 8.248420 
16.150000 -0.322561 8.252385 
16.160000 -0.346494 8.256237 
16.170000 -0.370025 8.259976 
16.180000 -0.393137 8.263604 
16.190000 -0.415816 8.267121 
16.200000 -0.438046 8.270527 
16.210000 -0.459814 8.273823 
16.220000 -0.481106 8.277009 
16.230000 -0.501910 8.280087 
16.240000 -0.522215 8.283058 
16.250000 -0.542010 8.285921 
16.260000 -0.561285 8.288680 
16.270000 -0.580031 8.291333 
16.280000 -0.598241 8.293884 
16.290000 -0.615906 8.296332 
16.300000 -0.633022 8.298681 
16.310000 -0.649582 8.300929 
16.320000 -0.665582 8.303081 
16.330000 -0.681020 8.305136 
16.340000 -0.695893 8.307097 
16.350000 -0.710199 8.308965 
16.360000 -0.723938 8.310743 
16.370000 -0.737112 8.312431 
16.380000 -0.749721 8.314033 
16.390000 -0.761769 8.315549 
16.400000 -0.773259 8.316982 
16.410000 -0.784195 8.318334 
16.420000 -0.794584 8.319608 
16.430000 -0.804432 8.320805 
16.440000 -0.813746 8.321928 
16.450000 -0.822536 8.322978 
16.460000 -0.830810 8.323959 
16.470000 -0.838579 8.324873 
16.480000 -0.845853 8.325721 
16.490000 -0.852646 8.326508 
16.500000 -0.858970 8.327234 
16.510000 -0.864837 8.327903 
16.520000 -0.870264 8.328517 
16.530000 -0.875264 8.329078 
16.540000 -0.879854 8.329590 
16.550000 -0.884050 8.330054 
16.560000 -0.887867 8.330474 
16.570000 -0.891325 8.330851 
16.580000 -0.894441 8.331189 
16.590000 -0.897232 8.331489 
16.600000 -0.899717 8.331754 
16.610000 -0.901916 8.331988 
16.620000 -0.903846 8.332191 
16.630000 -0.905527 8.332368 
16.640000 -0.906978 8.332519 
16.650000 -0.908218 8.332647 
16.660000 -0.909266 8.332755 
16.670000 -0.910140 8.332844 
16.680000 -0.910858 8.332917 
16.690000 -0.911439 8.332975 
16.700000 -0.911900 8.333022 
16.710000 -0.912256 8.333057 
16.720000 -0.912525 8.333084 
16.730000 -0.912720 8.333103 
16.740000 -0.912856 8.333116 
16.750000 -0.912946 8.333125 
16.760000 -0.913002 8.333131 
16.770000 -0.913032 8.333133 
16.780000 -0.913047 8.333135 
16.790000 -0.913052 8.333135 
16.800000 -0.913053 8.333135 
