-4.000000 -4.000000
-3.917301 -3.952253
-3.867301 -3.865651
-3.784602 -3.817904
-3.684602 -3.817904
-3.584602 -3.817904
-3.484602 -3.817904
-3.384602 -3.817904
-3.284602 -3.817904
-3.184602 -3.817904
-3.084602 -3.817904
-2.984602 -3.817904
-2.901902 -3.770158
-2.851903 -3.683555
-2.801903 -3.596952
-2.719204 -3.549206
-2.636504 -3.501459
-2.586505 -3.414856
-2.536505 -3.328254
-2.486505 -3.241651
-2.436505 -3.155048
-2.386505 -3.068446
-2.336506 -2.981843
-2.286506 -2.895241
-2.236506 -2.808638
-2.186506 -2.722035
-2.136506 -2.635433
-2.086507 -2.548830
-2.086507 -2.453337
-2.086507 -2.357844
-2.086508 -2.262351
-2.086508 -2.166858
-2.036508 -2.080255
-1.986509 -1.993653
-1.936509 -1.907050
-1.886509 -1.820447
-1.836509 -1.733845
-1.786509 -1.647242
-1.736510 -1.560639
-1.736510 -1.465146
-1.695160 -1.393527
-1.595160 -1.393527
-1.495160 -1.393527
-1.395160 -1.393527
-1.295160 -1.393527
-1.195160 -1.393527
-1.095160 -1.393527
-0.995160 -1.393527
-0.895160 -1.393527
-0.812461 -1.345780
-0.762461 -1.259177
-0.712462 -1.172575
-0.662462 -1.085972
-0.612462 -0.999370
-0.529763 -0.951623
-0.488413 -0.880003
-0.488414 -0.784510
-0.488414 -0.689017
-0.488414 -0.593524
-0.438415 -0.506922
-0.438415 -0.411429
-0.488415 -0.324826
-0.538416 -0.238224
-0.588416 -0.151622
-0.638417 -0.065020
-0.688417 0.021583
-0.738418 0.108185
-0.788418 0.194787
-0.788418 0.290280
-0.738418 0.376883
-0.688419 0.463486
-0.638419 0.550088
-0.588419 0.636691
-0.538419 0.723294
-0.458736 0.787106
-0.371307 0.842150
-0.283877 0.897194
-0.196448 0.952238
-0.109019 1.007282
-0.021590 1.062326
0.065839 1.117370
0.153268 1.172414
0.244608 1.218574
0.335725 1.180428
